57 109
50 119
20 205
16 135
151 237
221 223
180 202
46 107
49 219
6 86
117 170
117 176
50 96
24 99
30 229
181 199
22 111
144 233
72 170
43 236
42 100
91 142
143 215
172 200
111 230
168 187
85 115
133 153
8 94
79 175
159 231
32 162
40 129
61 232
149 161
116 220
122 163
128 196
58 178
52 131
46 165
84 167
137 177
82 132
138 194
53 195
37 182
183 231
54 65
74 151
10 118
59 77
75 106
11 207
123 227
39 118
87 158
157 182
115 194
7 197
81 123
71 114
48 200
25 185
44 155
61 213
47 228
15 92
95 237
28 178
108 214

1 7
4 9
5 10
2 4
4 13
3 12
3 5
6 12

35 48
8 35
15 39
17 22
27 40
13 49
15 27
17 47
6 43
13 20
3 24
28 46
14 46
26 41
30 38
11 45
4 26
45 47
2 20
17 31
16 19
26 38
3 7
9 10
1 30
4 5
20 33
30 50
2 7
23 33
10 32
19 27
23 42
29 43
3 28
16 37
9 25
14 36
18 42

10 269
97 217
132 155
128 157
41 176
87 167
38 243
28 99
22 306
207 260
151 313
61 108
160 196
36 244
154 326
199 235
113 316
125 253
153 261
202 263
66 100
91 278
110 124
209 327
246 278
179 191
284 285
146 222
235 261
13 256
55 86
109 204
229 337
64 164
43 73
180 318
174 197
295 296
48 293
70 164
52 105
166 328
89 143
310 314
75 259
145 238
35 190
12 127
41 258
48 81
94 153
79 265
42 52
8 58
9 72
26 74
89 136
117 137
114 234
33 142
110 175
1 231
167 188
141 325
29 150
161 332
159 335
198 277
85 315
195 298
185 334
55 314
79 233
3 121
180 333
101 144
95 308
133 214
170 223
138 228
126 320
104 184
186 221
180 262
204 264
75 163
146 279
147 330
16 222
14 186
41 80
245 304
119 300
189 193
232 308
173 310
194 271
133 275
67 198
53 201
116 338
20 278
48 242
97 314
60 240
309 312
71 273
162 294
225 274
31 293
16 303
92 103
21 61
229 338
193 239
78 236
29 135
201 255
161 232
37 329
254 307
11 81
291 333
40 47
185 202
131 298
63 299
292 326
219 321
31 301
74 268
51 114
123 242
121 255
195 241
69 171
26 34
167 303
113 332
130 208
77 311
60 83
18 32
33 69
148 183
196 234
97 315
62 311
14 142
15 257
80 328
213 279
32 132
42 205
30 68
215 312
9 237
152 191
149 283
4 72
5 244
226 326
90 203
103 173
109 327
284 320
49 153
3 280
24 289
119 160
143 149
20 276
144 157
4 25
12 215
28 286
295 331
182 339
70 134
70 249
226 299
8 336
112 339
247 252
73 190
168 259
106 305
82 115
76 209
165 316
39 98
2 63
1 329
193 213
304 322
124 177
301 336
91 335
34 91
45 90
283 336
21 90
127 216
94 279
63 312
45 241
17 93
238 268
56 248
78 228
88 152
57 107
249 292
72 320
92 288
55 192
142 290
230 319
39 73
159 331
205 252
60 289
186 208
106 272
51 77
57 66
198 305
98 317
129 174
150 227
199 302
78 111
140 324
28 46
112 172
87 158
139 218
10 156
130 248
144 264
23 53
58 260
144 323
181 274
111 220
65 253
194 267
95 189
29 212
132 276
183 270
89 197
212 287
185 306
158 244
105 267
200 289
239 257
31 54
156 270
130 243
65 71
115 135
220 305
183 224
50 187
40 250
111 184
22 259
99 333
59 266
120 183
96 117
3 250
251 280
254 330
117 131
19 178
79 169
206 240
102 260
206 282
59 282
275 297
7 280
50 140
93 133
210 218
44 50
44 93

1 265
33 132
14 16
81 305
11 37
180 229
4 108
75 275
38 96
90 107
112 191
74 232
34 321
31 147
52 300
8 59
32 192
159 286
27 429
60 277
14 373
42 321
12 157
2 62
83 313
121 151
88 346
47 184
93 116
8 311
114 124
50 91
95 174
82 182
72 136
153 217
53 203

26 460
103 265
158 400
165 192
33 567
61 446
157 547
114 147
46 87
164 536
182 235
149 414
96 437
1 309
82 284
70 125
32 135
10 576
135 360
186 280
29 526
151 399
19 393
55 99
197 568
63 361
41 495
25 400
55 247
126 264
13 151
74 317
142 225
131 459
240 561
130 138
52 120
20 233
5 389
152 283
128 512
97 161
17 364
59 404
294 481
54 347
60 485
49 580
145 344
108 256
116 522
12 218
75 439
45 408
137 513
24 320
100 577
81 204
56 126
43 370
109 361
27 205
139 337
38 194
140 274
199 539
83 129
50 173
15 283
18 429
12 213
128 257
178 210
245 253
168 470
22 418
271 443
35 564
329 443
52 573
133 207
30 239
7 294
121 492
62 336
11 574
70 111
91 162
69 213
107 400
9 301
208 484
21 442
51 584
86 244
1 101
57 68
2 372
66 507
79 109
127 289
58 352
163 458
122 337
82 194
113 387
84 533
72 396
81 128
119 585
198 436
92 110
40 229
67 549
65 463
48 90
47 53
64 463
34 585
37 582
8 438
106 240
44 353
31 73
88 182
110 556
181 234
95 173
102 196
45 93
123 442
28 321
104 440
167 204
50 112
71 189
95 551
228 231
165 189
31 409

352 421
83 585
150 214
165 440
97 140
133 367
112 206
67 113
417 423
147 394
163 418
177 539
337 583
175 332
157 275
159 596
232 566
420 442
363 377
130 254
379 445
342 401
554 606
41 607
221 547
179 203
42 154
34 551
489 611
77 195
506 561
79 177
216 411
7 392
475 574
33 546
17 276
96 278
158 545
64 191
330 520
63 552
137 359
376 443
475 594
202 606
129 573
1 180
490 577
87 151
219 325
315 532
301 441
8 239
296 543
330 494
128 369
525 555
360 456
538 559
225 512
32 285
171 465
153 591
299 563
540 548
272 462
117 557
134 450
244 442
510 578
303 584
590 604
81 511
307 336
20 113
32 414
256 485
244 257
379 514
118 503
286 352
360 540
414 424
519 571
332 368
21 224
42 595
186 269
65 304
171 516
46 268
23 292
28 222
365 584
91 203
20 35
35 199
114 192
231 251
84 394
2 374
49 402
232 421
42 202
160 210
494 609
38 74
38 351
127 543
30 328
343 588
85 345
400 450
10 434
189 406
355 428
158 482
325 457
88 95
213 243
412 614
384 454
14 294
108 529
92 209
240 284
447 468
340 564
386 533
247 259
365 530
6 557
155 277
55 487
216 241
212 485
284 367
41 454
123 489
349 583
281 532
182 600
156 435
218 615
51 316
81 447
463 553
260 599
356 613
376 480
72 364
166 591
31 129
323 433
99 126
3 303
50 238
610 616
122 518
316 509
149 153
460 584
433 439
413 565
506 601
109 383
225 483
39 320
313 407
218 220
346 389
410 611
226 348
86 206
78 361
264 587
182 527
139 566
59 155
49 334
358 410
507 567
246 386
444 564
323 549
139 493
155 302
124 283
94 451
145 335
291 343
53 118
59 165
469 560
44 446
221 253
213 350
135 601
170 435
152 511
15 293
316 461
124 184
146 427
251 535
30 258
204 613
230 535
144 500
429 437
432 521
34 257
233 307
494 603
97 146
329 396
179 195
145 572
36 229
265 541
549 568
157 334
397 497
419 596
220 434
191 338
84 195
249 320
262 270
436 478
322 349
37 447
25 615
30 555
131 172
261 422
83 345
275 312
93 234
174 399
253 293
184 413
62 173
115 284
217 289
31 295
351 424
9 321
268 536
141 198
435 589
196 554
123 473
127 309
24 543
13 427
82 217
306 512
11 288
311 566
453 562
582 585
239 290
143 532
56 529
339 455
37 570
62 533
291 398
258 378
123 440
395 502
255 287
27 484
298 595
70 245
298 568
210 380
592 598
107 121
47 565
254 282
107 581
236 408
22 598
263 299
51 184
80 452
162 256
132 215
79 310
445 481
33 37
27 77
138 592
73 111
326 400
327 471
199 347
418 552
228 318
481 546
103 235
19 422
475 598
17 198
16 556
11 16
186 380
152 394
267 436
208 491
233 390
380 452
278 501
28 492
289 501
466 567
58 359
206 425
321 339
509 539
162 271
107 531
82 590
169 498
212 372
90 194
211 224
80 305
149 182
75 441
7 22
285 469
46 152
4 484
53 347
362 603
505 542
181 283
197 553
213 280
455 537
81 425
243 264
388 571
484 572
261 313
237 338
49 537
4 76
200 305
344 482
178 540
167 324
70 431
54 592
106 483
91 534
476 525
148 385
2 21
353 602
3 336
452 459
172 411
400 605
209 398
175 176
95 220
48 602
83 589
234 616
72 190
125 215
378 561
193 294
368 388
56 544
24 549
399 608
468 558
157 553
311 612
131 601
378 382
65 517
142 274
101 502
560 600
482 571
98 514
188 567
155 384
492 607
331 611
31 370
369 374
66 136
219 282
68 456
183 408
187 537
479 504
45 600
54 486
92 135
235 550
13 348
227 252
321 423
151 439
326 446
115 273
8 527
362 599
228 279
128 572
308 405
14 488
285 392
167 222
187 582
45 464
43 173
126 267
286 313
154 191
305 480
9 118
82 478
29 373
189 411
141 437
373 587
26 54
19 237
467 485
370 486
236 603
122 399
23 544
94 228
416 538
269 371
457 470
464 530
94 211
180 301
71 196
70 126
98 531
331 471
144 193
57 575
27 580
15 431
79 472
111 448
505 517
114 580
61 180
279 477
164 488
108 397
55 110
248 460
101 430
65 465
71 597
314 428
262 510
90 496
168 586
73 244
374 575
205 605
362 426
109 227
453 461
240 255
490 523
333 337
120 354
93 300
357 366
342 522
451 522
253 386
11 353
90 538
387 495
140 525
341 516
204 290
250 266
297 576
169 474
116 314
512 602
288 499
235 515
238 396
371 610
40 278
432 437
141 230
247 496
414 569
137 458
381 528
403 519
103 223
125 249
47 230
116 608
150 250
208 329
226 557
241 526
346 404
381 508
270 317
18 102
105 513
89 104
150 346
69 438
229 507
69 252
89 304
201 300
409 449
39 93
354 513
142 227
391 505
63 242
6 375
66 508
116 391
205 263
5 250
5 102
168 207
387 405
60 515
100 207
161 162
120 466
52 524
100 229
5 148
119 498
161 449
185 216
223 524
340 438
136 524
274 393
18 110
12 105
319 458

47 89
60 146
28 66
67 129
44 145

No new highways need

36 413
302 595
22 129
29 551
247 392
156 601
173 491
177 224
77 547
116 156
7 323
151 639
23 594
136 452
19 228
32 605
74 497
256 396
35 474
61 141
122 531
92 522
205 267
101 257
134 578
39 50
140 149
50 428
98 513
67 446
127 250
112 347
27 329
135 293
68 247
2 144
81 328
25 29
133 515
253 478
52 207
21 223
172 397
18 257
3 544
66 362
8 556
104 308
63 468
157 233
26 373
96 391
120 451
83 317
107 410
37 137
145 365
5 377
123 170
38 479
102 358
41 463
78 210
252 361
10 238
58 102
24 408
142 640
139 171
10 73
62 261
72 259
254 534
11 504
146 337
76 613
56 342
109 532
206 463
118 181
49 248
1 550
2 319
90 198
31 135
40 350
57 458
65 393
79 179
82 448
115 353
14 83
154 485
64 325
16 108
60 87
70 103
243 607
22 432
30 215
47 85
158 226
9 87
67 103
95 347
197 330
34 498
130 174
137 635
80 564
16 110
161 263
51 634
20 119
84 625
138 528
94 439
88 216
86 150
167 451
190 633
28 118
15 122
17 291
99 356
163 325
12 169
46 486
7 143
43 602
42 404
125 379
75 447
13 193
44 447

No new highways need

57 166
70 420
36 254
61 656
183 682
355 621
115 654
49 367
78 617
268 602
135 149
235 278
353 500
50 276
15 52
249 327
161 206
98 339
30 177
118 494
376 479
298 509
412 599
108 554
141 413
302 304
119 624
88 502
104 626
87 571
185 251
6 528
209 370
99 559
3 228
390 591
142 296
95 144
34 422
110 512
90 219
213 669
138 472
291 560
367 529
103 476
136 186
175 583
240 449
107 406
138 348
29 560
301 606
13 580
127 352
320 419
512 668
278 338
121 368
134 630
130 471
133 682
43 217
61 231
140 163
10 35
39 291
258 556
51 413
109 336
476 485
94 163
428 473
81 85
102 170
176 254
221 608
313 588
48 100
50 662
63 465
260 485
22 117
212 362
85 233
191 669
286 640
12 101
21 83
242 271
1 377
305 372
248 442
148 418
73 394
194 305
226 287
57 417
154 220
277 330
35 647
135 303
273 650
44 75
33 205
193 330
139 221
17 90
100 123
72 311
236 593
2 341
5 116
208 683
43 113
212 229
41 105
69 237
162 205
160 606
264 421
107 282
159 543
120 238
203 540
22 153
25 603
256 423
241 281
110 173
173 370
74 568
155 234
189 515
128 499
71 374
97 190
186 289
243 586
126 523
114 466
196 388
507 616
270 683
230 581
239 497
382 417
152 391
157 282
17 257
19 510
113 240
237 437
234 464
261 361
123 521
27 73
155 211
285 364
129 595
172 546
97 439
416 474
107 247
2 71
11 148
68 245
292 402
53 194
67 670
188 576
193 246
75 215
20 658
295 522
47 405
132 202
95 391
297 648
312 400
125 143
245 316
54 575
220 304
158 454
350 577
82 143
11 180
199 625
182 542
86 153
8 18
114 174
31 134
111 356
192 632
123 238
20 56
168 427
48 181
122 436
131 308
299 464
8 434
15 211
65 562
97 321
66 129
132 550
252 537
4 171
30 564
308 385
29 77
411 456
16 527
7 39
201 232
75 486
218 416
149 443
93 260
42 87
496 605
323 655
156 329
178 364
203 337
95 141
64 168
1 480
40 76
306 449
84 243
3 394
28 566
314 502
92 511
93 105
227 617
23 506
187 453
171 288
328 346
5 68
58 488
9 430
12 432
82 672
262 266
25 131
165 462
279 351
587 620
46 297
112 209
52 83
216 570
184 418
225 652
42 233
214 605
206 596
146 373
26 259
79 306
137 351
91 524
222 674
200 430
45 239
294 689
60 648
40 340
151 293
40 359
101 224
37 280
145 176
125 185
80 636
150 187
55 230
179 681
109 446
265 566
164 414
32 283
151 174
24 169
261 370
429 476
38 314
266 267
198 555
62 159
250 583
14 436
59 672
96 478
147 387
37 344
106 514
14 307

115 148
131 153
9 162
133 149
71 163
58 168
48 156
115 204
137 201
54 191
134 170

42 96
3 36
17 93
38 48
14 49
19 30
12 75
8 96
32 89
29 68
37 55
53 55
9 39
43 76
17 18
54 95
3 23
74 88
18 90
11 51
46 56
15 87
10 61
31 40

162 533
104 250
77 136
238 405
150 648
68 329
74 393
52 349
47 159
8 322
45 556
207 388
66 134
199 265
84 523
238 613
35 264
13 424
121 467
188 442
330 399
160 400
314 332
54 169
107 567
347 421
335 553
148 468
46 60
94 362
190 194
144 403
64 117
79 641
253 296
17 320
14 615
58 661
7 576
89 228
157 191
143 540
66 602
28 557
112 636
93 501
99 358
105 297
291 651
15 490
97 124
119 205
85 392
161 653
210 367
111 634
94 338
20 660
206 379
72 582
198 590
80 296
79 89
95 369
83 425
49 468
91 592
167 670
174 226
172 416
51 653
42 234
76 266
29 532
110 489
76 139
159 330
197 602
88 229
64 118
105 106
189 334
214 573
149 470
180 438
36 666
56 103
126 294
187 273
231 668
169 450
196 339
123 261
23 412
257 324
120 263
166 355
18 507
195 368
250 327
52 97
412 590
212 232
186 361
76 543
102 634
45 55
182 425
63 611
158 545
164 390
2 470
95 215
154 552
8 71
31 257
4 93
230 563
153 222
86 313
269 610
163 190
221 354
32 491
146 647
75 274
48 506
130 262
31 178
170 465
11 100
167 220
78 499
3 648
76 77
6 116
21 231
9 345
258 429
225 598
75 551
140 356
213 620
181 209
96 340
16 123
70 82
131 548
120 311
38 213
284 310
185 511
22 116
204 655
1 581
173 534
22 469
12 664
39 305
37 126
7 25
129 669
101 241
62 212
57 587
69 344
133 624
78 183
14 119
59 628
275 363
109 201
61 227
80 496
200 302
270 342
177 518
142 396
73 607
26 485
210 224
41 643
46 151
34 171
50 315
92 203
40 599
30 455
27 436
309 643
33 203
138 520
351 469
268 359
244 418
90 231
19 177
115 297
258 278
67 659
60 137
37 43
218 255
24 168
103 329
5 156
127 544
100 155
152 610
222 300
192 604
113 520
53 246
10 481
34 373
65 585
128 384
100 574
141 377
88 242
44 509
133 201
147 280
135 239

70 105
90 115
59 128
29 99
46 124

11 200
85 98
112 240
3 140
24 140
6 71
57 212
17 238
9 153
56 131
156 281
95 215
96 255
166 279
28 275
59 155
202 306
90 211
4 55
77 222
44 312
76 236
220 227
14 230
149 239
24 213
36 139
40 163
75 164
8 302
13 197
64 110
113 223
177 293
226 257
295 307
67 221
29 263
29 264
121 128
58 102
22 191
67 255
1 195
67 161
89 127
148 246
233 305
77 231
157 269
55 147
74 124
210 306
173 176
46 136
273 300
47 111
95 161
126 190
115 147
2 174
63 179
114 274
26 77
30 153
18 277
44 242
35 99
31 80
174 263
53 288
137 293
254 262
119 156
127 154
154 273
101 214
76 139
105 261
6 268
19 33
216 278
81 142
42 81
48 126
91 303
26 159
158 247
60 301
135 253
25 220
65 270
84 141
45 294
87 219
8 299
183 250
192 308
144 308
243 280
5 237
37 81
130 293
50 292
54 123
165 249
167 191
284 301
227 303
119 168
72 171
98 223
36 47
86 134
41 283
41 256
84 99
59 106
68 291
240 248
208 311
217 225
145 182
196 241
169 181
60 146
10 290
106 152
70 242
82 132
165 189
20 267
160 189
99 129
122 229
72 187
79 251
10 297
56 209
234 251
72 209
27 104
20 196
103 302
100 234
148 229

10 16
20 34
23 46
15 23
11 47
31 33
25 36
4 40
8 13
30 40
13 33
27 28
22 35
35 41
18 19
14 21
24 27
21 32

43 72
1 8
61 74
31 55
22 63
56 57
27 63
6 56
59 61
36 72
5 51
4 45
36 67
19 40
47 58
11 25
38 69
14 73
9 52
21 34
23 65
4 56
28 54
15 28
24 71
25 57
41 65
14 48
24 70
35 42
32 73
12 33

152 216
29 40
116 185
98 299
17 349
35 51
28 87
51 68
53 220
239 277
85 334
37 321
44 181
206 402
57 373
27 407
150 257
63 378
49 312
24 241
91 288
298 340
75 157
130 232
144 318
127 341
268 414
17 338
316 323
100 110
121 296
146 308
188 304
120 268
70 287
16 199
251 364
125 203
61 279
106 135
25 342
60 382
217 244
10 190
12 76
73 126
78 79
3 89
7 330
262 361
258 390
59 317
46 412
171 180
53 183
50 178
101 377
8 214
237 383
83 291
241 261
21 314
243 306
64 200
364 380
60 143
7 110
142 175
189 265
48 360
105 408
38 294
102 263
165 362
147 295
118 235
67 247
86 103
14 236
82 168
1 159
47 163
117 307
71 129
135 322
289 403
244 388
86 320
184 291
82 175
119 278
69 198
43 344
143 258
34 60
22 33
48 205
366 379
279 333
2 9
41 305
95 108
8 92
327 403
81 373
46 227
254 404
42 180
162 192
176 220
18 168
127 208
52 386
176 301
3 132
121 164
113 181
74 213
334 387
389 405
65 379
30 225
54 96
92 210
80 133
3 336
155 372
32 94
32 391
6 172
97 99
97 388
1 84
47 294
49 369
21 162
137 228
169 413
149 290
19 170
172 347
172 316
72 348
45 50
55 251
128 222
216 311
56 215
148 174
138 196
104 366
93 109
15 408

52 144
1 64
63 123
48 121
35 154
17 63
92 123
68 166
3 147

No new highways need

2 500
23 236
39 153
41 346
53 129
44 488
66 151
14 98
81 382
22 51
13 453
124 153
18 503
19 479
49 445
162 184
37 241
119 507
79 254
52 187
61 186
75 521
7 265
3 389
28 388
48 259
31 147
1 479
86 435
62 72
60 106
91 468
77 266
42 159
9 89
88 306
47 178
54 347
63 321
165 282
31 516
80 531
4 540
68 175
227 457
183 189
54 112
118 285
122 152
71 340
56 108
8 154
121 408
55 125
90 181
116 154
46 474
53 385
55 128
105 527
24 50

No new highways need

No new highways need

217 251
86 134
213 248
133 248
49 98
144 241
213 256
148 186
14 228
112 209
156 210
152 208
40 161
5 32
40 212
133 203
24 33
128 259
45 256
146 177
88 210
73 178
65 106
73 241
246 252
103 129
24 231
28 156
94 191
115 124
39 47
112 243
167 177
85 222
6 68
103 131
11 113
33 48
45 150
152 263
46 123
20 219
174 200
170 198
126 250
4 253
35 172
66 225
42 236
194 205
34 190
9 119
12 187
8 83
1 143
106 193
1 30
12 120
114 134
118 207
189 247
139 234
62 192
99 184
193 226
148 215
53 207
55 240
192 245
41 159
17 84
44 154
17 181
55 123
18 218
62 100
108 142
102 113
16 160
19 44
229 232
62 99
46 264
97 185
86 258
119 185
38 259
3 69
2 189
194 208
136 158
9 249
21 124
115 191
188 262
67 82
22 196
257 260
229 269
175 242
90 132
107 181
77 102
122 139
141 228
2 198
56 126
204 251
95 123
129 223
59 105
85 119
61 198
31 69
14 204
120 206
47 220
138 230
42 52
158 226
31 250
20 145
8 195
63 203
76 130
165 234
51 243
16 178
26 37
57 87
239 258
22 76
121 146
40 267
13 78
95 253
13 125
38 110
131 216
160 182
16 121
122 173
116 237
66 255
44 171
100 231
21 74
70 104
19 27
177 261
89 197
114 254
82 254
37 149
164 218
176 179
37 84
18 142
111 184
109 117
71 105
54 124
75 116
58 77
209 215
169 219
32 224
163 174
60 135
108 233
64 91
108 246
164 180
137 207
157 266
15 140
128 223
160 175
43 169
168 201
10 92
6 147
134 202
7 138
101 175
38 155
109 197
71 161
153 238
180 183
69 153
81 268
235 242
93 252
80 209
59 93
105 135

11 161
149 244
363 401
344 555
96 573
180 323
277 371
288 426
228 468
219 319
4 199
370 549
105 410
226 423
134 258
335 348
99 108
166 211
31 289
78 492
34 204
84 203
50 373
152 529
114 588
202 467
66 101
13 87
101 162
63 335
24 451
333 530
103 303
85 606
129 617
54 165
138 589
135 501
83 447
14 609
216 509
205 529
188 565
61 464
10 286
23 365
187 500
199 533
321 519
56 242
18 588
51 115
286 414
144 374
28 68
581 603
20 181
16 525
136 532
429 589
186 435
308 457
301 349
163 272
87 246
179 218
153 328
210 318
59 156
280 520
162 327
9 158
124 249
324 482
320 567
236 548
22 406
25 282
72 108
106 380
237 563
111 485
67 369
58 508
134 417
120 481
140 544
91 189
149 506
175 200
39 381
36 352
112 128
263 412
158 240
47 84
224 616
194 384
231 294
422 611
26 91
146 187
217 562
10 104
590 611
56 159
384 552
385 475
26 481
48 369
213 544
31 502
223 254
255 347
43 537
125 206
358 568
221 568
64 154
66 214
315 594
124 216
28 450
161 220
150 521
86 395
197 317
192 515
141 622
154 171
256 357
5 179
156 544
32 102
71 387
122 434
79 150
29 331
16 253
99 182
463 517
257 313
274 319
61 260
25 55
19 208
3 443
209 620
40 449
267 497
345 616
355 500
76 572
127 533
42 113
147 597
169 220
352 491
69 117
183 613
259 379
117 156
545 562
271 349
264 556
82 112
339 550
107 453
177 577
273 517
250 438
130 227
157 208
45 396
6 397
76 465
154 569
8 496
119 460
109 489
243 290
145 477
7 421
21 160
81 411
204 580
99 221
5 23
15 71
46 112
60 361
268 496
201 348
343 604
143 166
45 582
94 356
148 583
142 151
234 339
153 585
230 302
229 445
10 208
52 98
195 309
110 198
57 326
6 203
251 285
12 294
53 267
434 584
41 328
75 179
137 252
28 113
215 341
142 543
245 360
30 231
84 471
281 318
207 389
60 108
49 456
2 120
24 334
155 206
248 622
35 338
276 310
248 445
30 399
131 545
9 359
127 583
51 620
65 516
70 93
58 190
1 98
184 446
49 172
132 430
100 619
322 419
7 266
299 419
33 103
137 550
77 391
317 379
54 284
164 402
98 582
20 274
170 248
62 497
118 608
17 81
414 535
405 495
186 283
81 325
233 442
178 288
175 193
12 316
97 405
168 596
95 123
80 95
27 82
212 372
125 516
45 516
22 332
38 392
263 415
44 145
92 570
113 295
88 97
263 408
251 510
167 601
73 600
37 452
12 74
95 177
185 405
38 317
393 532
173 336
80 238
133 523

34 257
139 158
133 330
80 245
21 188
153 275
181 219
36 59
24 240
153 272
96 121
104 132
52 177
126 323
100 115
89 318
60 81
62 233
58 274
17 182
59 154
112 320
207 315
152 242
28 54
71 128
62 142
8 329
165 208
102 270
200 242
174 285
68 318
86 187
27 159
108 161
68 295
144 329
113 319
105 107
94 317
134 177
4 226
90 123

55 178
13 481
188 371
96 310
74 391
120 361
255 404
17 227
311 536
50 482
214 365
176 184
258 515
169 513
7 267
61 413
218 517
132 533
519 536
170 387
146 156
37 317
2 5
230 312
82 389
115 564
119 463
52 284
3 543
187 526
28 546
39 102
212 238
254 311
71 277
5 183
64 234
10 98
40 200
27 293
149 436
49 439
230 232
312 540
106 500
30 562
122 412
46 339
147 158
23 79
227 482
372 390
37 59
377 409
19 467
153 416
128 327
88 293
14 228
78 79
14 215
62 531
45 381
81 132
42 165
105 143
1 345
70 531
93 159
199 233
209 334
103 285
291 362
112 293
40 406
25 555
164 364
453 495
118 476
58 87
243 314
104 329
6 267
217 545
47 173
270 280
179 335
114 483
160 544
136 294
38 57
330 373
318 334
425 540
19 393
111 250
53 562
32 97
43 44
127 516
9 556
97 421
324 408
77 241
107 134
140 159
172 396
189 418
21 210
26 527
27 128
1 51
204 316
144 478
75 438
137 459
222 526
224 558
33 95
80 196
44 56
66 306
68 93
22 86
246 405
12 330
110 445
6 15
63 375
195 200
99 236
73 401
69 340
162 547
72 366
22 294
183 322
98 119
129 354
201 283
31 131
154 493
47 246
35 257
24 522
168 206
101 449
413 491
34 229
54 131
174 498
130 234
84 102
33 91
52 282
138 308
4 493
36 63
85 183
18 126
33 441
142 260
57 306
76 309
287 528
264 284
164 177
434 542
99 113
83 553
63 211
117 190
468 504
231 356
48 181
8 475
89 384
197 266
90 399
67 452

No new highways need

29 468
138 412
189 293
203 226
247 575
457 570
159 245
396 530
416 420
111 120
182 407
144 379
287 480
93 259
209 375
112 410
186 332
296 450
256 510
238 388
57 558
364 586
16 167
217 228
496 546
49 124
111 202
360 536
19 404
243 581
91 403
56 230
102 222
186 211
140 481
48 220
268 310
187 222
221 578
108 156
305 436
14 131
116 334
39 312
422 482
166 437
199 368
42 544
322 571
102 374
45 452
92 264
29 172
8 365
277 585
62 483
233 365
225 560
148 262
163 466
356 386
45 512
220 334
132 179
175 561
99 465
215 277
122 327
204 489
140 539
17 169
133 318
65 246
312 417
85 133
55 426
286 552
283 388
263 475
271 400
71 562
139 331
61 577
260 505
431 540
396 549
399 455
179 280
314 574
100 313
376 458
45 369
266 526
270 392
260 466
53 168
269 320
403 453
198 484
9 180
210 299
85 168
96 309
253 324
21 119
128 331
75 80
162 499
208 452
430 526
232 419
108 219
53 338
18 397
181 548
101 197
359 468
50 336
20 411
397 444
27 36
79 393
162 461
293 543
363 420
108 471
232 362
380 411
75 97
123 150
328 330
159 491
122 345
97 161
88 122
469 532
137 297
238 354
2 319
165 275
158 354
192 351
14 147
22 466
225 449
152 382
174 442
68 516
303 316
49 165
4 396
135 158
297 569
90 549
247 264
342 352
51 431
326 479
236 473
82 367
32 425
25 476
99 415
434 440
317 467
425 478
410 428
21 69
296 517
198 398
227 273
288 290
211 512
106 574
206 372
239 579
94 285
114 200
221 261
105 445
494 495
54 461
146 153
223 451
18 418
189 569
116 177
10 223
67 443
476 477
153 230
24 454
66 205
13 179
168 559
449 545
200 318
331 341
27 43
33 169
128 142
37 306
362 479
84 405
87 405
111 362
152 257
201 414
339 454
100 509
7 214
32 49
299 442
302 532
176 355
252 349
303 552
148 567
289 390
357 371
78 125
68 542
145 251
231 288
330 502
120 266
42 446
469 579
12 171
345 565
157 269
439 493
283 540
145 434
460 489
5 145
507 557
91 498
171 473
286 337
522 543
279 527
109 224
188 225
276 279
429 529
510 551
104 548
81 213
343 391
188 332
309 545
224 274
78 282
502 503
190 194
80 585
3 268
134 195
406 539
62 194
450 547
149 363
31 32
218 428
6 251
316 361
63 284
89 291
150 296
329 582
64 419
11 110
207 373
252 428
213 265
33 156
30 34
555 564
195 421
33 400
52 353
113 511
103 448
301 404
35 41
130 393
328 437
310 459
237 322
212 421
304 447
521 545
427 520
83 528
183 223
118 377
39 79
126 563
226 227
115 349
1 456
117 556
92 197
17 249
57 228
402 538
422 553
185 450
457 534
437 561
107 516
244 402
196 446
255 568
30 55
273 430
248 570
44 368
70 395
89 304
67 519
100 167
26 573
59 222
206 216
431 477
58 217
40 218
16 325
22 554
73 467
164 454
23 298
374 583
35 107
212 537
333 528
54 98
288 581
167 172
350 497
154 263
216 505
136 393
409 424
518 521
333 380
523 533
243 487
78 193
481 508
184 255
1 472
77 93
301 506
19 292
34 315
60 335
81 317
74 267
9 487
173 520
182 515
86 214
19 36
297 323
118 258
235 563
38 129
344 480
46 462
191 242
433 527
28 550
95 329
394 525
11 147
285 500
47 199
344 413
124 292
109 531
278 424
229 260
151 537
500 503
491 559
385 582
162 370
250 441
513 533
143 580
155 357
121 394
83 325
178 384
86 280
262 371
56 119
408 566
408 474
56 178
76 308
77 95
448 485
347 441
46 513
207 412
127 384
191 424
72 407
72 160

151 173
85 229
188 230
133 158
193 277
114 185
34 208
32 123
224 277
57 174
63 155
194 231
59 72
75 258
234 285
129 167
92 172
16 81
46 221
211 267
66 285
152 156
26 130
226 251
170 215
32 179
268 269
49 156
20 130
160 255
36 135
118 207
27 186
29 95
50 189
112 212
94 196
184 242
219 247
53 271
59 164
41 148
196 238
178 279
1 260
166 284
124 253
84 221
111 264
205 232
89 203
135 246
85 157
117 236
63 105
80 249
37 138
24 230
108 235
38 223
55 210
11 257
23 86
55 121

56 241
97 171
205 384
73 307
36 127
257 435
138 413
21 178
38 93
96 102
134 432
91 440
285 313
37 163
64 214
164 336
114 150
40 52
132 206
125 190
112 121
4 174
126 255
50 394
155 263
156 453
44 382
106 221
107 333
135 426
20 321
202 396
111 145
57 354
54 79
219 254
110 405
74 295
62 441
78 126
75 216
62 120
98 183
4 227
149 367
29 184
200 399
6 207
180 223
12 35
43 377
226 320
46 70
77 348
52 128
165 246
8 39
66 170
36 94
3 72
95 405
280 357
42 134
182 321
40 204
392 418
76 166
122 322
288 318
173 375
18 109
208 222
144 241
17 153
55 429
80 434
123 204
192 380
71 261
104 388
35 411
24 118
147 478
34 465
63 455
104 141
68 356
22 129
137 146
260 473
171 376
7 319
46 203
230 360
92 302
8 356
100 336
103 130
65 301
116 457
15 203
32 365
25 168
160 218
5 327
33 87
96 395
58 192
181 474
26 124
60 410
84 350
289 361
89 423
225 414
69 327
188 454
58 235
30 207
28 122
23 309
67 481

68 300
30 514
113 494
34 363
114 664
434 456
57 434
126 528
35 377
328 528
84 202
107 359
220 590
151 666
349 651
20 347
133 281
90 427
267 376
344 631
178 279
127 609
121 650
196 391
155 505
106 513
142 446
145 592
266 558
65 297
289 637
31 200
25 284
88 419
56 498
247 251
191 337
131 392
8 302
19 78
96 629
13 456
44 577
188 229
255 307
62 658
29 465
75 413
48 188
85 250
58 526
153 607
6 335
149 305
206 546
94 236
104 493
16 43
33 321
160 161
27 549
40 437
22 200
9 352
157 647
119 163
173 462
191 305
167 280
219 472
24 245
323 515
202 229
41 246
89 280
190 193
78 265
2 23
18 326
52 239
199 379
338 652
15 545
10 344
70 519
61 656
65 336
152 328
28 110
63 515
52 266
48 135
83 312
111 383
212 630
64 351
129 550
4 420
309 384
26 578
260 536
134 477
72 168
60 482
21 321
343 369
21 445
72 249
69 231
301 311
42 184
17 602
257 298
185 426
144 218
39 625
137 198
14 639
11 128
224 525
111 159
146 181
105 193
2 599
116 626
272 407
124 168
268 400
32 143
137 435
28 82
139 527
42 677
217 643
55 105
73 554
69 238
240 471
53 457
140 450
74 418
189 603
18 331
3 164
101 175
214 235
120 601
168 557
46 254
306 366
209 382
228 607
336 512
156 277
119 653
48 154
101 616
92 183
45 175
32 77
7 113
71 552
112 177
54 382
322 647
38 636
201 460
41 643
221 224
147 376
174 628
225 326
51 169
37 80
210 422
66 246
381 676
93 464
112 615
192 381
165 357
158 207
243 575
24 166
182 422
148 508
115 458
233 395
74 136
162 674
123 588
70 102
108 670
117 657
5 612
259 504
51 213
242 498
143 155
95 237
250 520
82 485
170 274
81 340
109 613
7 12
49 360
171 256
130 210
11 198
325 536
350 464
1 491
287 553
204 485
76 248
72 86
3 181
213 237
36 197
50 518
150 447
103 495
179 487
43 385
91 380
223 273
51 248
258 487
76 205
53 218
234 296
194 372
26 125
100 273
206 226
87 428
252 481
296 452
39 122
59 234
47 61
80 251
247 632
288 470

60 447
141 227
245 299
139 473
53 145
171 237
38 638
74 579
82 274
130 301
158 205
171 186
93 504
112 482
108 228
156 293
98 153
252 281
132 387
222 224
138 441
31 536
166 415
120 159
121 460
175 555
182 360
39 617
176 438
29 85
46 331
181 218
134 414
84 612
7 560
225 551
90 169
169 487
152 496
32 381
118 194
24 420
49 181
69 440
19 400
123 161
256 478
52 414
236 549
180 463
147 488
253 278
41 97
91 422
77 555
196 493
223 246
9 511
197 468
130 196
190 470
160 307
202 332
83 424
343 533
41 75
67 295
28 636
219 377
120 324
113 153
174 373
82 315
89 201
172 623
369 601
14 572
80 526
56 606
207 605
247 309
168 553
47 58
205 277
227 454
58 455
57 548
79 200
8 562
5 185
36 578
50 474
74 155
212 572
289 359
72 99
92 581
211 570
161 506
1 338
30 429
73 337
43 314
4 187
238 583
26 615
2 34
133 569
109 514
88 589
45 325
55 151
127 632
113 444
95 550
104 337
129 371
110 250
87 565
118 383
111 576
20 136
239 266
98 273
65 370
63 376
70 170
108 188
114 193
71 156
221 571
201 423
94 305
12 107
54 319
87 131
52 275
1 165
144 618
18 454
2 91
86 370
73 101
382 562
125 465
10 301
4 242
11 472
6 226
100 563
61 439
51 270
143 418
15 190
48 174
179 246
327 516
279 375
157 221
116 267
164 480
42 379
115 213
204 325
35 490
293 543
33 446
148 272
59 358
18 163
23 278
102 497
76 104
198 485
27 483
13 518
3 475
146 322
40 495
64 543
232 393
25 154
20 395
167 291
70 498
117 245
199 227
62 525
78 314
22 27
81 445
105 292
12 513
184 450

135 205
40 74
84 89
158 178
145 234
30 119
148 329
118 291
124 253
48 296
151 339
265 282
23 349
194 201
49 81
250 294
167 182
21 331
51 318
162 177
43 197
119 188
30 353
50 357
16 175
102 133
281 315
145 315
85 264
120 137
47 378
76 156
2 10
103 379
106 366
117 279
107 341
4 97
41 204
268 305
77 148
69 159
59 117
2 108
63 350
46 115
165 304
163 311
44 190
202 263
1 22
153 309
65 338
248 323
35 113
95 374
146 382
94 217
36 262
81 281
26 378
71 354
46 317
92 241
17 195
61 266
129 295
347 355
67 190
126 236
68 112

92 158

45 150
147 309
91 164
172 283
15 27
14 110
112 216
255 308
144 149
148 300
147 199
115 163
135 170
269 276
187 225
2 3
97 157

No new highways need

22 41

14 97
38 247
60 68
186 225
27 187
16 78
41 119
91 227
42 94
149 191
27 54
104 263
259 262
152 209
57 238
35 138
72 242
51 195
169 252
137 191
34 132
10 84
170 239
28 235
181 218
3 97
29 57
194 217
113 210
136 155
213 261
184 221
84 164
151 253
87 183
33 60
63 221
231 239
7 46
168 194
198 253
25 71
136 139
198 209
48 204
32 258
105 180
175 225
30 54
173 208
14 74
15 130
90 122
130 202
5 223
119 192
37 52
13 153
83 144
112 253
38 71
103 237
166 250
39 124
8 100
80 106
24 53
99 243
2 234
40 146
145 254
11 250
87 147
162 171
56 200
36 224
51 61
61 89
92 146
55 145
108 264
176 177
79 236
77 128
126 251
118 234
6 75
178 196
66 67
65 264
117 241
31 64
163 207
91 173
143 158
44 162
101 197
219 255
201 204
203 257
168 199
6 232
55 240
21 114
98 185
40 61
70 215
43 160
105 188
212 240
104 203
241 246
17 245
101 251
113 140
205 246
67 161
9 258
93 266
159 214
43 128
44 110
104 222
20 32
106 129
1 220
59 98
59 81
73 203
148 244
172 223
114 125
113 248
193 226
73 85
50 121
186 219
96 142
109 115
141 154
182 200
185 211
50 179

231 497
183 332
178 659
119 444
279 509
23 673
38 340
197 286
128 724
211 294
62 112
99 141
8 485
46 288
127 714
32 704
153 663
227 441
61 100
291 586
54 63
280 376
60 649
54 456
20 365
186 530
52 448
49 599
167 454
68 115
283 663
122 574
155 505
29 561
114 206
96 316
79 152
130 466
37 326
92 419
235 273
154 321
18 488
115 311
159 212
87 319
15 217
143 160
214 569
97 458
152 504
9 82
226 228
145 514
57 628
157 545
38 164
41 383
83 431
241 267
47 678
181 464
10 333
42 451
103 484
150 685
139 165
200 545
148 274
55 501
71 214
122 156
189 278
210 398
187 256
169 258
6 580
49 113
12 138
6 133
151 357
48 302
43 593
263 297
74 476
86 198
89 207
55 299
259 605
203 301
240 653
206 222
13 683
358 445
16 186
99 105
102 131
142 353
44 705
25 559
190 601
209 470
293 331
173 268
129 450
126 205
168 217
15 230
95 332
277 448
75 406
11 305
64 459
218 598
111 604
14 350
66 149
39 56
120 447
59 380
148 245
146 668
223 652
78 167
179 590
100 342
135 514
76 487
132 425
91 667
144 417
107 120
233 298
4 33
64 99
65 397
112 505
140 439
147 452
257 594
50 540
7 316
313 699
39 625
72 261
85 304
183 357
104 396
108 298
90 481
118 255
59 330
17 527
1 380
72 449
116 393
191 359
24 161
28 586
22 521
12 39
175 644
109 667
53 109
26 58
48 88
177 514
130 172
102 269
84 460
117 375
27 90
45 707
180 215
101 669
121 146
224 338
34 288
73 238
244 464
110 208
327 632
131 324
71 93
137 154
171 707
186 202
160 542
4 589
7 378
162 228
150 247
420 614
51 335
225 297
5 432
139 418
161 517
136 539
31 236
208 726
106 371
24 98
116 219
3 324
30 327
36 87
26 468
215 317
69 648
80 263
19 565
40 125
70 264
125 612
264 640
21 681
94 475
221 295
184 701
81 272
124 713
134 421
81 348

No new highways need

8 19
13 41
4 9
10 37
7 8
18 44
12 38
8 16
20 36
1 48
29 39
34 43
16 35
10 27
3 45
7 9
12 25
36 47
17 38
15 42

241 247
5 55
37 188
97 126
166 233
25 53
85 95
5 57
45 303
41 67
90 292
16 275
90 158
54 58
3 170
116 308
201 300
47 115
252 294
74 248
203 236
71 226
106 133
105 186
94 239
73 205
2 48
14 274
19 127
80 151
58 142
222 234
123 153
39 212
192 287
270 284
93 154
79 150
59 189
117 188
105 209
34 223
147 202
111 149
63 75
43 51
96 271
24 68
129 220
178 196
146 150
227 257
25 128
38 46
76 169
94 267
29 98
1 214
65 307
159 266
111 279
22 231
102 122
83 111
179 224
204 237
14 124
13 305
165 296
8 262
84 106
72 276
169 302
75 101
100 262
173 265
15 27
70 213
66 208
64 175
73 216
88 220
22 283
89 136
136 245
157 303
17 294
120 183
36 121
26 269
87 232
126 175
95 295
35 209
152 266

61 89
47 96

107 321
53 115

125 214
21 65
188 230
85 254
67 94
189 225
266 308
280 294
204 294
38 217
70 151

150 604
13 151
139 643
246 263
46 661
22 576
53 562
21 407
85 358
218 378
144 306
124 154
170 581
135 634
160 650
18 342
74 84
100 246
68 587
63 555
102 378
302 611
104 311
177 369
234 418
106 188
147 338
111 258
222 565
187 263
99 227
78 270
60 160
272 625
43 442
384 549
20 386
316 449
310 378
115 431
188 250
95 275
243 500
167 505
107 116
66 607
136 588
270 406
9 649
132 334
123 162
32 212
36 145
28 43
192 268
53 232
5 37
40 478
45 98
81 662
51 98
230 374
14 291
89 235
117 170
44 404
33 58
216 279
245 387
155 289
32 277
31 155
48 87
133 365
303 528
336 458
219 492
76 360
142 654
152 628
105 410
54 76
62 185
337 539
110 231
3 399
159 647
17 128
83 324
120 248
77 339
108 149
207 279
217 258
127 289
189 287
118 630
47 221
97 516
231 283
4 51
15 477
101 537
42 117
10 136
58 136
247 485
185 389
262 346
294 324
27 459
182 276
70 79
72 274
114 552
184 556
372 375
56 205
137 422
226 442
7 512
48 315
107 643
208 213
64 604
178 548
80 555
217 343
156 589
93 632
6 245
191 401
64 143
260 469
35 176
69 387
103 230
130 301
75 607
50 242
65 477
252 464
196 575
172 313
19 256
114 180
120 143
96 147
113 470
223 236
1 24
138 228
8 484
129 303
33 154
25 566
61 552
55 501
112 386
179 630
30 612
286 504
92 239
44 199
119 657
131 174
67 88
4 369
91 418
49 306
34 292
1 475
186 583
90 182
175 347
208 249
237 275
41 402
84 146
215 334
12 388
194 651
11 190
265 458
52 572
57 437
148 561
73 611
29 173
59 290
254 505
2 151
171 592
357 585
34 428
79 249
108 575
130 225
203 397
82 594
244 320
38 621
141 190
86 115
121 172
193 616
94 648
73 88
123 342
153 633
145 483
47 401
90 211
26 531
163 503
214 221
209 276
109 362
229 362
257 403
23 54
36 71
23 290
168 525

No new highways need

86 317
57 360
56 476
180 440
49 415
91 98
145 274
303 361
262 461
142 230
67 219
8 252
1 352
292 386
90 198
118 453
54 219
7 172
19 73
50 85
248 325
351 477
13 196
209 358
116 138
65 83
315 388
279 376
136 138
55 226
338 456
343 437
134 275
48 68
420 448
142 309
330 448
104 358
60 93
375 400
78 143
81 351
1 20
367 434
135 347
272 324
188 443
50 472
81 130
142 183
279 375
310 432
60 353
305 468
192 400
394 423
1 468
128 402
175 421
46 266
173 212
220 368
103 287
100 238
5 132
123 284
307 366
125 378
134 485
112 210
75 346
378 425
246 323
272 313
133 308
122 223
285 360
169 171
330 369
97 213
34 245
108 210
68 428
95 345
178 298
399 473
305 421
102 244
57 178
186 424
279 365
187 359
288 347
101 252
96 473
161 437
340 368
319 334
407 491
419 443
24 465
205 461
74 404
19 113
6 345
172 273
176 259
106 224
127 445
191 292
238 255
17 205
11 148
62 115
296 430
125 381
244 395
26 37
151 377
108 111
155 363
21 64
234 297
301 383
22 347
87 266
299 307
91 223
34 378
377 464
105 432
118 277
337 397
11 268
342 409
38 434
265 301
316 396
131 159
282 336
105 240
343 387
255 269
55 462
157 182
414 457
29 454
4 342
170 260
77 480
65 67
109 319
286 358
89 382
309 387
216 374
161 335
46 459
37 331
141 253
395 463
14 281
79 303
40 201
18 116
7 54
197 380
341 354
66 294
31 62
73 398
11 110
42 308
82 258
169 233
55 367
20 390
350 428
99 364
120 446
158 478
6 51
113 414
110 208
109 235
240 341
28 355
27 162
152 412
254 382
147 433
43 282
23 384
332 406
331 488
276 370
302 413
51 284
361 484
33 215
283 311
179 331
264 416
43 417
65 214
163 194
21 183
65 107
439 455
56 122
160 186
79 124
261 371
21 452
68 459
29 431
126 404
155 444
256 413
92 277
176 218
222 337
332 461
204 433
66 329
346 478
164 213
177 387
348 364
215 393
278 393
229 418
182 383
300 485
295 417
429 442
276 493
296 389
135 324
103 362
28 197
119 308
261 441
281 344
251 414
32 243
42 99
115 399
363 431
53 480
381 406
187 375
129 408
30 239
166 310
89 472
214 241
335 420
84 126
121 156
112 359
229 236
84 139
94 285
61 116
89 430
112 130
133 395
9 146
12 354
412 470
441 458
259 325
224 466
23 232
25 478
148 356
40 396
79 166
26 374
15 238
8 283
293 447
442 477
45 167
59 407
34 404
22 139
119 339
315 322
268 436
61 349
167 200
250 290
171 278
181 313
46 467
137 268
319 349
136 475
190 314
249 484
257 494
10 36
77 385
137 339
97 206
253 409
150 408
233 462
2 152
41 236
188 409
77 354
242 450
101 488
318 417
59 189
72 492
355 411
97 168
264 368
277 373
4 61
42 271
82 206
264 291
388 422
147 426
353 362
165 372
15 131
190 445
231 333
320 449
32 49
260 270
27 445
218 481
426 483
98 424
128 348
53 485
202 203
151 164
226 486
163 475
201 427
211 416
118 247
98 145
185 383
88 486
232 247
86 386
63 495
296 318
345 459
41 479
56 429
16 300
197 326
90 299
236 493
225 455
30 411
140 385
70 421
222 356
114 168
2 280
143 263
3 446
52 199
167 408
124 290
69 405
193 259
154 478
189 449
479 489
194 386
304 440
365 495
173 179
3 495
237 482
13 45
239 344
16 410
52 248
76 304
94 384
58 177
228 306
35 76
15 117
149 285
174 370
243 291
71 474
13 493
66 473
198 217
40 144
159 273
31 162
379 469
24 490
203 460
69 297
306 465
72 261
207 460
80 413
251 333
202 316
44 120
44 47
153 405
9 302
121 129
293 458
392 455
5 471
246 482
306 474
184 200
328 435
450 451
312 323
221 261
321 481
170 327
218 328
10 289
450 471
257 260
312 394
36 338
267 327

136 564
5 361
100 569
42 558
49 168
7 446
28 256
217 588
44 564
218 227
88 502
34 84
178 268
146 325
285 394
122 286
71 176
195 303
84 347
212 533
174 408
81 101
96 380
54 333
71 168
256 307
13 20
99 128
151 272
108 463
86 373
33 430
106 183
16 464
83 230
92 369
70 328
55 627
164 196
74 271
4 248
31 596
126 132
26 409
25 304
159 160
153 575
14 116
121 149
29 535
67 260
11 202
77 274
133 367
131 451
107 515
39 548
181 436
32 287
93 613
487 493
3 116
180 563
56 286
115 565
9 554
145 276
48 479
10 231
120 350
85 396
216 427
147 166
46 439
15 597
139 149
147 532
95 195
249 279
1 351
36 64
22 203
90 127
23 534
141 547
64 229
30 253
91 346
149 300
3 617
80 181
20 26
27 72
21 419
103 476
131 169
94 598
143 299
123 539
6 55
8 313
68 160
187 525
51 171
102 167
137 508
60 262
248 479
155 593
41 390
98 509
109 261
89 621
119 123
12 293
75 247
2 615
17 290
170 590
78 380
247 610
43 215
66 85
79 526
191 407
99 389
53 157
18 376
323 627
165 335
177 273
187 245
62 192
58 456
130 146
76 175
53 233
61 117
15 220
101 624
148 466
126 508
81 192
97 473
47 193
52 208
45 265
260 563
19 140
158 466
106 306
67 118
129 170
125 394
134 504
50 165
135 140
47 113
135 381
73 167
69 620
62 161
40 491
19 104
142 576
57 432
63 507

36 112
32 34
15 24
40 117
24 106
51 77
6 81
9 47
1 89
56 71
50 97
107 114
47 110
56 105
59 74
17 74
46 89
14 83
53 86
11 12
45 97
16 48
16 39
6 33
14 85
25 28

387 714
416 667
61 392
129 382
101 152
87 281
273 339
127 242
350 579
52 176
7 698
89 243
217 395
358 677
134 570
222 529
192 292
173 447
210 293
16 122
195 360
410 601
38 382
224 619
57 181
137 291
243 566
22 378
161 167
314 708
153 619
239 255
317 496
31 387
76 607
63 339
389 633
232 581
207 561
268 503
108 228
1 711
108 114
193 215
78 458
245 562
226 564
347 702
130 268
54 655
84 633
196 606
259 284
81 352
179 188
15 585
80 482
171 205
1 341
91 108
33 616
127 371
164 334
182 726
96 165
12 576
404 409
153 330
212 728
266 705
68 352
141 602
113 470
102 159
67 78
183 685
98 113
250 393
99 141
311 431
5 562
121 604
168 305
116 482
92 381
16 477
112 642
30 290
89 264
43 354
125 697
121 201
239 475
234 297
178 552
24 391
132 397
145 344
109 362
82 113
65 433
24 328
3 75
139 656
39 379
50 324
2 15
322 344
37 371
207 231
11 347
159 642
111 703
27 118
332 412
3 25
123 455
271 628
73 260
221 632
238 315
223 690
7 171
173 351
70 399
349 382
333 370
337 376
106 284
144 514
162 285
136 513
17 443
85 605
56 280
118 469
18 369
257 308
117 312
48 682
103 403
270 406
105 246
24 53
166 511
424 697
318 331
75 164
13 634
133 264
343 426
19 201
169 298
261 529
39 309
111 367
167 496
298 621
156 272
249 296
287 676
198 664
181 550
74 91
143 593
312 349
23 683
40 726
358 521
197 650
40 286
9 586
94 335
152 414
322 372
172 494
194 474
178 285
107 204
4 464
91 256
170 468
234 448
119 591
150 348
357 438
155 690
177 611
158 512
69 617
79 208
74 389
388 497
41 190
227 487
244 704
47 73
104 672
138 232
64 719
302 715
100 205
175 724
160 617
49 721
202 669
258 287
185 533
97 251
165 349
306 638
47 290
110 627
157 182
32 532
98 301
180 204
35 643
26 473
274 556
191 657
333 364
28 663
29 85
93 425
180 558
211 701
59 635
363 636
128 280
418 541
148 527
160 233
303 436
190 431
138 149
29 60
294 508
126 712
361 441
236 575
383 566
267 514
72 581
269 578
216 538
174 555
184 411
8 490
214 410
151 364
208 551
86 242
51 685
186 674
28 146
124 317
176 323
199 501
154 276
71 697
50 440
375 454
246 524
45 51
277 695
218 493
66 194
235 480
14 683
230 594
225 512
147 225
20 357
284 348
62 128
21 162
46 140
254 662
6 728
10 430
30 323
34 248
42 440
135 430
95 727
237 652
209 222
44 615
30 77
345 713
120 278
36 637
69 377
34 499
90 423
187 231
142 695
58 373
373 666
356 365
179 659
140 340
55 662

34 206

No new highways need

32 33

23 35
9 47
33 70
23 58

51 628
317 553
169 193
52 286
106 204
22 379
231 383
25 35
94 649
75 241
77 478
58 600
5 146
146 330
7 509
143 194
248 450
135 202
17 201
26 365
117 336
34 186
202 660
1 191
329 593
31 575
83 309
15 312
250 598
238 241
64 105
38 39
201 451
106 192
113 468
64 361
152 630
12 121
126 389
70 557
282 386
14 493
3 341
171 485
81 213
224 601
8 153
74 658
55 550
24 284
218 411
56 455
104 298
120 430
24 74
154 606
187 573
158 567
98 144
188 427
72 306
32 194
28 383
314 651
140 270
41 443
254 425
143 275
47 623
92 367
11 344
111 536
54 103
114 302
123 477
102 254
67 652
80 633
149 522
36 205
153 258
95 376
27 594
261 466
123 128
158 302
1 406
44 157
272 289
222 438
9 96
291 658
223 273
38 183
165 486
134 536
182 246
129 422
130 540
91 600
63 335
313 393
115 413
188 205
6 318
23 273
175 211
190 351
2 124
150 613
172 616
130 159
179 292
127 174
108 518
215 321
68 253
82 243
84 545
10 661
351 410
173 475
236 468
38 287
136 263
112 338
29 409
92 177
207 273
2 503
73 564
322 538
137 221
180 464
66 264
161 378
97 227
61 429
162 166
103 127
288 359
90 399
76 571
48 49
43 125
122 261
225 491
93 414
226 488
237 627
71 235
37 587
151 300
99 141
66 521
65 311
21 411
9 255
118 576
57 139
142 246
108 133
139 148
16 464
178 589
12 62
203 476
53 520
189 641
254 318
94 181
79 168
45 147
66 269
59 88
119 561
46 619
57 167
124 418
279 345
48 416
131 133
69 535
167 499
160 524
85 374
162 647
60 473
87 546
101 466
50 441
252 293
147 292
4 315
100 431
89 437
304 489
72 642
16 147
116 259
98 382
245 310
20 88
195 214
163 320
33 369
185 375
42 185
40 198
107 296
35 360
58 239

15 389
61 284
72 345
130 380
158 522
165 486
51 524
93 152
33 408
152 202
48 87
35 212
140 573
151 349
43 299
73 435
110 618
70 107
160 396
122 240
2 545
79 105
188 346
20 148
179 180
45 454
57 534
156 398
118 313
120 526
265 321
195 203
358 496
82 117
25 391
186 481
75 437
183 523
41 270
215 338
49 62
107 325
65 318
320 428
66 352
86 123
113 303
22 215
137 299
166 617
85 501
11 371
280 624
81 348
257 596
64 146
99 515
200 415
147 451
23 90
210 320
76 275
189 366
211 234
162 181
34 410
36 314
159 604
299 381
220 531
200 245
7 183
222 462
18 251
164 195
84 570
119 383
244 283
149 343
66 155
60 213
262 371
123 621
249 501
92 147
28 136
108 612
296 450
246 262
106 430
212 373
23 220
77 168
214 242
87 563
74 585
227 599
174 590
4 18
12 292
48 125
141 546
302 393
190 545
224 593
142 248
219 301
39 277
145 182
20 401
19 350
75 130
88 565
129 598
77 548
181 348
390 394
163 294
76 266
124 624
196 269
21 405
197 435
131 351
46 137
24 440
78 484
127 534
25 69
40 447
101 489
31 502
382 562
191 414
10 377
100 199
49 61
41 241
26 298
112 450
44 312
13 72
50 338
191 403
44 161
14 58
27 591
256 366
97 191
1 69
9 521
109 189
37 429
83 135
323 330
14 259
27 103
104 618
71 624
247 382
38 575
177 229
3 482
270 326
53 201
9 235
52 135
28 487
199 236
16 399
96 324
205 527
53 126
37 270
144 357
216 417
303 452
101 111
71 194
42 513
198 307
274 446
91 395
273 467
53 346
59 402
185 253
8 209
17 599
180 412
292 470
145 231
177 496
24 275
153 172
116 268
260 438
94 267
113 319
55 230
105 114
133 384
232 310
228 329
329 479
178 587
56 353
305 444
47 455
102 519
250 608
88 98
207 366
253 560
68 589
50 344
139 461
6 603
138 306
170 193
116 231
91 255
121 444
170 350
52 133
126 175
30 584
82 586
143 351
29 126
258 482
132 508
307 378
63 186
173 573
157 206
80 619
54 151
89 250
32 95
3 293

42 73
26 72
29 78
38 72

76 490
24 82
56 148
51 167
98 442
81 531
177 225
175 399
5 213
165 428
138 324
94 268
84 620
135 474
20 175
21 379
215 248
73 164
116 293
39 326
28 393
19 180
166 592
69 612
142 550
37 332
23 424
15 592
230 343
10 285
112 645
52 373
109 184
370 489
193 576
158 243
64 300
122 528
168 528
51 284
155 563
201 315
54 521
137 360
102 196
14 471
65 295
72 495
71 581
93 426
121 565
22 123
7 303
123 378
118 547
126 253
26 163
33 87
55 589
86 586
27 290
79 464
124 256
42 49
89 449
36 41
29 168
2 612
125 430
113 391
101 144
40 466
96 426
75 555
31 176
36 439
82 463
63 519
144 376
157 336
127 413
140 396
4 475
39 90
99 482
47 70
18 435
42 72
12 116
25 636
115 389
30 568
153 655
16 494
68 134
106 597
59 610
103 289
88 464
134 464
136 589
53 349
50 583
70 594
74 357
60 630
146 594
176 296
58 612
91 256
1 169
199 432
34 416
11 117
17 553
119 292
61 611
83 204
163 627
9 439
38 506
149 517
83 560
97 519
105 543
78 358
279 286
174 622
35 448
169 375
104 357
33 646
66 144
4 164
45 103
43 56
172 359
126 170
95 630
111 172
235 425
46 596
211 643
100 522
48 397

137 171
45 294
15 81
47 201
72 271
71 370
57 213
101 127

261 698
271 335
108 506
110 545
374 616
239 295
248 471
151 156
178 514
113 141
51 673
3 258
153 518
138 445
129 391
36 289
33 96
194 484
149 514
16 137
196 465
355 365
126 425
510 544
130 476
284 324
115 309
281 425
243 608
91 268
7 602
106 635
179 242
337 380
58 625
169 628
332 690
264 625
180 424
65 349
230 403
9 247
197 597
187 633
134 432
29 609
379 664
84 583
195 226
216 246
143 310
81 183
19 359
86 405
437 612
383 422
116 532
66 502
98 709
345 379
205 443
168 380
222 330
160 207
35 482
225 438
21 120
75 663
432 606
202 348
103 701
97 370
208 687
32 713
158 300
304 694
271 373
60 164
28 142
1 388
33 565
57 712
114 422
151 316
267 486
163 464
252 699
505 659
118 280
218 264
100 298
189 649
150 201
7 25
141 211
302 363
28 340
203 558
410 572
188 626
110 184
340 446
112 446
353 661
5 78
49 662
120 296
354 491
145 313
2 356
249 568
614 706
161 442
167 708
43 147
472 682
253 593
259 573
288 684
40 270
70 537
55 618
168 234
266 578
38 120
13 173
327 526
107 124
239 540
214 466
37 468
5 290
136 278
202 358
24 209
578 717
71 464
190 671
265 324
330 355
166 567
90 427
191 637
35 602
80 631
93 591
20 508
50 344
113 308
152 627
109 374
174 540
106 177
212 491
396 625
207 306
519 551
166 521
50 419
154 201
371 710
230 449
230 528
99 250
154 525
161 250
146 314
99 636
79 411
122 170
291 366
144 527
273 681
262 710
193 272
14 411
38 277
198 406
127 482
94 587
263 601
121 591
162 657
61 238
366 574
82 637
183 488
182 378
286 360
276 334
215 598
529 662
186 402
223 421
89 668
21 68
30 530
53 643
224 658
15 233
334 618
69 372
305 675
293 672
44 425
83 615
10 282
176 361
128 611
71 294
312 704
46 157
139 603
132 493
360 460
206 305
57 342
255 672
44 413
39 73
40 611
135 227
88 430
43 469
195 643
31 292
373 660
89 400
22 82
172 175
12 279
17 630
282 307
351 377
48 523
52 173
252 524
62 84
111 280
171 481
537 547
40 610
183 299
131 180
159 624
156 193
59 300
111 402
63 364
4 617
101 292
108 528
329 336
311 628
146 246
399 529
240 534
145 323
101 414
98 638
301 382
85 431
390 567
119 555
302 343
407 523
81 275
190 289
268 318
207 470
52 691
257 501
72 447
46 339
69 561
384 427
331 444
67 76
200 471
181 497
375 420
335 424
133 700
125 710
281 350
20 387
27 269
11 19
124 386
352 546
71 322
260 441
394 448
6 260
367 585
102 529
22 65
357 462
318 632
74 576
237 491
283 524
368 377
185 596
87 242
204 410
236 338
104 484
39 162
78 691
60 245
34 460
64 140
109 386
60 328
148 500
42 321
287 406
137 372
54 359
9 556
11 408
117 588
204 418
41 277
92 488
55 95
155 580
45 238
16 235
338 671
199 333
105 483
155 231
267 398
310 685
23 100
77 198
30 217
430 651
157 603
165 481
140 175
8 485
26 588
219 531
436 661
221 305
64 433
85 125
133 315
61 317
61 395
192 331
18 157
232 347
475 571
189 570
15 428
395 560
152 254
47 56
179 362
232 557
278 362

313 315
127 413
182 527
91 556
244 567
191 461
228 581
428 506
132 476
283 350
92 231
232 450
214 297
262 378
41 72
14 163
87 141
344 462
105 285
300 446
61 220
80 548
89 264
90 199
367 441
93 409
180 286
274 327
387 577
257 521
103 549
191 538
247 406
20 366
249 574
164 500
241 473
162 416
319 452
147 371
184 254
384 555
314 397
260 269
148 372
471 553
161 208
531 552
87 226
444 504
10 504
399 520
67 414
193 459
126 583
368 516
252 535
137 512
155 554
126 401
60 402
57 169
29 48
116 477
340 428
239 279
184 234
37 256
3 414
104 477
263 279
404 540
320 432
284 339
321 343
483 503
229 562
114 362
347 537
185 462
297 565
163 236
94 169
306 524
345 508
128 286
173 181
49 150
201 304
59 525
41 567
50 218
188 427
79 263
384 532
163 241
282 456
259 508
546 551
405 490
175 544
462 569
159 240
220 558
120 438
255 423
28 418
206 563
22 109
211 411
369 502
49 304
179 458
32 469
324 356
389 480
77 385
21 440
319 323
146 154
24 489
523 545
389 466
288 443
249 550
34 349
12 468
45 245
407 413
35 62
333 471
283 359
26 575
433 565
122 310
208 435
212 255
37 342
305 375
260 470
135 179
17 142
421 484
265 449
34 295
85 503
430 573
216 455
255 528
336 487
329 525
152 321
240 355
157 495
338 516
110 232
251 562
226 264
322 478
355 372
282 376
491 499
308 495
74 560
19 95
182 547
560 581
118 384
222 555
43 507
98 291
38 53
303 505
325 381
31 395
467 481
118 583
167 174
170 379
155 299
1 324
205 275
191 454
76 352
354 398
134 328
280 484
128 580
311 489
101 522
326 579
185 391
33 62
30 266
314 541
508 510
324 386
121 513
229 434
48 140
412 498
16 294
370 514
4 530
533 580
137 287
137 344
313 349
448 515
125 313
455 523
159 531
271 487
59 430
356 466
361 472
241 421
138 146
27 456
371 507
100 273
187 331
56 423
99 219
130 132
297 449
497 583
46 546
72 204
325 541
19 393
124 465
125 186
437 440
197 405
180 270
166 382
341 383
63 439
55 261
135 219
27 578
164 400
202 233
161 314
198 478
350 514
5 469
92 298
83 223
2 529
209 422
243 254
29 491
204 311
290 475
93 454
237 335
110 416
36 330
55 168
98 335
376 452
315 550
488 553
64 153
145 453
42 153
265 503
44 120
8 70
75 99
253 281
192 261
121 480
305 579
31 566
219 558
74 394
186 213
231 281
3 18
90 502
238 386
82 194
212 470
363 404
2 223
54 360
11 363
252 288
138 325
69 447
484 509
47 451
403 496
141 362
201 582
278 499
43 348
101 120
296 467
57 160
95 351
28 351
200 285
78 523
111 509
359 486
193 243
334 562
156 539
406 408
44 246
9 270
100 360
364 457
292 443
173 435
394 454
177 474
50 79
15 435
40 540
170 417
168 552
90 150
96 453
434 484
13 391
65 343
102 442
147 294
57 526
30 522
294 527
253 276
388 556
44 230
291 363
130 353
402 438
116 233
51 341
220 529
228 230
124 136
50 493
391 433
296 511
171 301
115 551
284 328
81 481
301 317
307 337
31 247
383 578
13 136
467 513
66 400
158 411
73 226
33 375
474 570
30 176
236 543
110 213
69 145
88 275
62 570
250 338
52 122
485 546
89 483
144 273
200 535
318 358
293 445
439 549
434 542
183 498
27 496
224 332
84 573
9 482
133 361
431 572
77 250
139 333
48 148
312 517
323 494
20 156
190 334
336 475
534 571
432 522
129 158
20 408
253 559
67 354
77 463
107 348
32 207
497 539
318 544
233 272
78 149
339 388
274 580
54 417
322 341
359 561
81 447
320 514
119 227
53 577
493 515
203 346
132 518
41 198
51 140
24 66
206 436
55 142
547 555
326 424
96 367
510 529
325 552
112 189
291 342
242 570
465 518
305 330
234 323
68 149
408 544
49 441
422 559
81 380
71 369
256 524
71 292
439 464
165 447
40 97
399 457
374 464
25 390
505 572
373 431
171 534
429 450
94 306
418 564
284 396
21 268
84 448
326 537
258 492
53 451
79 131
308 460
365 374
127 335
398 536
123 468
282 332
38 352
108 557
142 151
83 414
368 460
82 420
88 139
6 387
346 431
25 419
39 293
157 216
80 424
309 477
70 133
106 426
133 172
64 518
321 329
196 215
171 207
262 346
196 316
302 421
178 192
117 377
113 392
289 548
4 7
248 331
83 195
202 425
221 520
7 410
425 530
378 419
58 337
172 410
129 292
188 536
245 490
102 377
285 310
52 194
183 557
33 310
108 373
113 517
22 112
58 197
235 558
190 217
259 436
23 104
119 446
187 479
415 442
109 386
39 426
86 267
123 174
105 277
25 299
166 258
415 492
267 312
331 428
86 268
143 392
102 568
340 365
293 468
196 225
5 568
225 519
211 316
58 479
464 575
357 374
210 490

151 172
75 261
120 215
45 120
71 201
66 139
38 149
58 226
24 76
147 250
219 239

14 76
44 61
27 60
16 79
69 111
103 107
7 104
83 94
71 108

54 263
67 227
74 75
50 145
99 377
72 296
102 126
90 93

No new highways need

284 484
137 500
202 271
150 192
31 228
1 329
54 425
37 434
28 576
219 490
130 498
103 506
53 226
341 342
39 120
82 508
48 516
156 350
67 322
44 346
30 154
27 338
197 548
231 440
87 89
6 189
132 513
68 386
73 333
40 503
74 184
4 544
155 566
25 230
68 201
59 117
99 216
133 488
26 29
6 64
164 208
87 190
176 239
79 524
28 192
81 210
404 584
13 332
113 337
241 276
90 199
162 568
19 491
204 264
15 98
123 156
381 407
170 394
206 524
178 195
197 252
191 345
88 458
124 205
199 242
33 353
188 272
51 308
118 181
179 294
247 289
203 593
85 267
269 383
307 554
58 290
8 16
125 503
258 260
183 584
3 53
21 85
108 581
36 253
163 209
10 101
237 384
114 377
72 305
168 209
35 532
58 75
109 345
65 224
10 142
91 416
66 369
143 458
99 467
142 432
112 171
248 365
62 471
80 468
242 349
18 489
196 226
12 362
57 481
96 575
181 417
22 280
65 357
25 196
58 74
75 244
69 173
134 160
52 230
5 410
46 351
57 195
23 59
12 392
115 571
47 417
77 378
60 145
86 220
55 526
49 145
127 317
62 107
100 263
232 327
9 135
171 476
83 384
165 514
157 262
84 375
249 360
292 457
116 148
105 371
38 567
111 579
168 520
45 548
83 140
141 194
69 380
11 382
97 420
289 372
43 540
198 476
16 573
146 556
121 424
24 495
78 447
129 358
63 403
20 593
34 558
49 116
17 232
122 415
32 43
259 461
70 193
116 166
72 351
225 364
42 273
70 147
92 110
183 222
207 435
106 116
266 469
144 550
61 451
104 263
119 535

58 387
190 284
381 474
221 467
198 482
118 327
143 159
85 493
298 351
85 150
98 407
187 406
339 350
213 300
343 371
206 458
142 171
90 110
9 26
350 394
205 482
41 389
435 443
424 483
188 407
147 320
145 226
67 487
48 422
261 430
121 207
323 383
29 315
101 472
44 325
13 437
6 178
47 309
345 454
444 451
56 93
39 334
99 373
219 324
169 380
278 286
100 174
413 485
214 397
97 484
367 423
200 316
290 380
106 175
366 436
170 269
447 454
170 477
31 314
2 247
34 118
220 366
411 439
128 390
135 168
452 454
77 169
274 428
295 372
15 358
83 325
129 342
193 405
68 253
310 486
65 210
110 392
15 424
180 232
11 114
212 252
28 235
352 393
22 160
130 302
142 264
65 464
55 469
390 484
145 362
40 464
47 109
67 456
62 250
179 194
156 222
144 271
89 217
1 305
162 358
297 465
73 161
27 108
240 409
214 423
16 392
5 405
421 491
370 442
156 256
218 492
141 355
298 477
397 466
121 464
236 257
8 322
346 469
268 495
373 408
306 371
223 354
59 344
221 450
245 266
31 276
140 291
56 325
63 401
313 412
137 479
105 306
30 202
40 44
25 149
96 112
211 488
427 447
114 232
59 244
275 481
299 355
293 491
249 395
37 352
143 236
241 438
64 183
96 124
202 386
131 289
354 488
80 412
248 355
51 372
102 275
30 200
287 475
167 417
163 259
72 181
307 309
159 360
203 295
198 388
121 287
182 292
149 446
330 352
24 35
223 436
337 340
285 453
120 342
288 440
401 417
321 492
78 141
34 49
242 465
99 174
156 238
348 443
55 250
376 418
359 453
305 361
95 465
220 459
90 417
178 220
86 428
92 318
244 391
82 341
173 242
289 416
99 123
161 478
7 398
234 382
7 16
155 469
75 180
251 294
132 266
153 407
244 326
378 399
53 108
91 92
253 450
70 129
130 267
25 335
270 386
53 335
135 486
239 256
362 416
318 461
146 237
70 475
134 278
172 263
185 395
75 304
112 354
45 165
301 356
125 373
139 311
206 460
33 261
20 138
323 425
69 281
251 359
233 433
340 421
18 106
255 463
41 303
125 358
176 404
15 183
245 470
64 210
365 481
185 292
316 384
232 445
229 336
53 391
181 184
14 294
23 282
167 300
261 268
139 194
288 345
342 396
432 436
204 209
112 190
212 230
42 434
109 346
41 470
82 152
5 278
166 490
80 375
224 400
233 262
254 474
328 416
374 421
375 468
21 205
391 404
148 304
243 286
78 183
63 274
279 399
267 382
54 477
204 357
312 349
102 455
161 403
255 459
17 460
39 195
103 449
75 294
57 273
81 215
228 353
101 324
260 330
281 348
414 441
154 216
51 248
151 230
28 422
118 419
365 411
11 490
5 233
36 197
18 379
184 496
76 213
356 426
191 265
60 326
4 155
200 462
85 88
276 281
388 389
94 219
26 177
79 337
131 427
38 406
107 369
290 489
419 450
69 473
157 203
185 448
26 199
24 369
107 314
94 303
43 230
10 314
382 415
58 318
252 262
133 193
19 341
195 267
42 479
17 88
231 398
87 420
43 105
277 317
89 175
10 258
17 240
71 384
189 324
182 184
74 468
4 374
463 494
187 446
236 339
157 209
12 21
283 377
315 480
1 36
418 429
19 305
72 199
25 66
410 467
20 333
246 273
282 457
103 471
50 196
8 196
61 117
52 73
458 492
237 402
331 431
336 442
98 312
204 430
3 208
189 456
247 378
111 455
241 468
13 329
311 329
239 280
317 397
57 385
39 215
61 296
46 117
272 347
122 282
194 485
20 228
364 437
201 301
377 420
113 138
254 331
208 272
201 343
54 439
116 215
115 347
165 192
158 489
119 320
265 310
136 308
216 235
234 338
71 104
144 347
127 229
126 393
224 376
225 456
32 208
46 116
115 476
163 297
84 400
387 420
37 259
332 471
84 227
192 227
192 319
164 415
32 308

213 403
192 216
235 236
76 406
201 421
12 128
83 398
306 354
232 383
14 426
28 65
114 146
73 167
198 437
48 393
175 195
67 82
76 250
190 343
36 385
166 193
86 111
55 239
57 111
246 390
163 226
264 300
191 443
119 379
180 469
179 283
59 111
93 457
70 178
262 352
242 269
13 113
127 398
47 256
108 253
88 204
167 439
91 345
7 395
9 314
115 310
149 287
39 392
92 255
404 471
133 408
78 282
20 462
319 329
178 386
79 196
416 460
120 409
100 358
114 319
329 450
386 422
40 157
49 445
19 63
104 194
118 338
141 321
458 467
188 423
88 257
23 338
351 412
160 302
60 136
189 472
231 257
170 184
6 73
162 284
177 383
32 91
130 309
282 371
58 234
44 411
159 223
65 374
165 176
159 349
4 281
121 254
42 118
261 325
85 122
158 381
56 172
26 237
123 444
109 125
132 270
18 249
299 383
204 346
35 306
356 372
112 191
179 254
143 151
320 405
43 166
206 225
48 57
327 355
175 421
97 419
207 271
140 236
194 456
266 445
29 289
148 452
8 123
206 373
69 240
205 337
286 315
135 199
67 99
34 369
24 227
356 451
33 172
217 271
272 332
192 294
117 161
8 157
280 418
139 242
3 335
88 181
25 54
129 273
365 448
275 396
135 247
285 297
328 363
136 441
110 454
41 380
30 116
228 455
53 213
259 421
115 301
109 395
68 335
106 457
174 360
75 456
207 458
106 131
66 350
281 291
2 269
105 363
2 263
211 273
31 473
150 284
90 277
292 341
21 418
96 376
52 261
1 4
1 165
252 458
117 224
116 338
72 298
45 222
340 431
288 334
11 400
20 365
142 173
221 330
5 243
50 291
220 334
22 459
128 426
103 156
429 437
16 145
84 99
15 290
277 366
25 164
27 407
5 317
95 451
4 298
295 316
305 434
98 413
239 428
89 318
61 77
85 223
37 168
171 410
53 153
46 350
102 260
51 241
45 294
137 270
37 166
87 152
197 380
267 274
145 411
64 430
17 446
80 169
64 94
74 317
229 357
210 432
101 124
62 278

41 58
6 25
27 33
55 56
11 40
36 57

4 254
43 223
207 681
107 465
80 439
284 319
194 553
450 588
343 357
253 632
124 580
83 130
11 352
91 324
33 54
335 338
212 333
306 523
48 642
31 244
489 536
203 390
201 576
34 347
350 451
17 265
206 720
7 269
100 349
150 520
61 650
280 533
81 719
354 706
71 295
228 698
333 443
42 625
116 599
180 379
182 273
427 441
78 377
18 429
203 377
375 573
195 324
51 589
169 494
117 372
278 493
137 321
65 415
12 192
33 562
133 402
444 569
45 141
6 625
482 731
69 663
302 726
15 200
130 619
266 378
15 704
267 526
289 412
407 572
269 302
181 419
261 722
153 266
66 132
168 216
54 186
32 37
44 305
166 255
158 271
19 104
13 375
129 197
121 698
94 653
411 743
174 325
184 425
321 661
162 202
173 197
60 358
24 38
64 280
104 728
29 685
241 354
326 612
654 746
37 304
168 182
291 432
126 361
233 234
89 416
58 173
22 700
359 554
199 315
209 444
2 563
260 279
23 192
102 262
10 143
227 502
249 445
131 556
31 155
156 387
36 460
91 143
96 518
75 196
129 616
99 630
115 162
63 616
108 230
41 485
56 627
1 286
347 673
147 385
258 514
204 401
76 190
8 241
21 414
138 342
57 731
134 456
103 293
28 385
71 678
3 438
47 191
329 363
93 521
26 382
277 422
246 363
50 301
118 440
248 486
355 598
117 392
122 429
10 391
223 238
276 639
133 188
136 445
220 601
344 448
166 483
338 532
50 370
205 542
366 556
122 128
163 591
66 697
97 194
120 683
281 585
111 528
73 415
40 157
140 618
252 281
190 718
175 285
240 304
374 638
53 697
145 365
114 500
134 177
231 340
49 404
52 303
68 592
175 355
62 145
202 468
198 491
105 435
342 516
27 664
308 341
167 482
340 376
22 310
202 398
170 432
247 428
206 396
348 376
236 463
119 297
247 303
74 219
229 271
414 502
39 275
138 391
126 416
5 198
38 150
73 178
34 469
136 383
77 216
233 658
219 605
46 497
196 674
164 481
55 210
214 313
427 509
400 631
155 484
13 67
49 169
40 222
210 649
250 509
239 287
125 234
20 441
61 283
259 404
257 475
225 689
222 602
122 213
184 323
293 399
305 442
265 603
187 201
119 430
260 316
328 486
70 668
146 269
9 301
282 307
35 405
318 334
172 403
584 602
154 464
178 539
128 160
232 435
446 556
371 586
28 39
72 690
251 705
336 337
46 159
25 474
264 733
474 492
250 439
218 380
345 523
82 646
317 387
94 254
346 471
245 298
394 617
215 516
263 541
242 454
11 464
139 337
298 560
110 721
109 166
98 154
174 596
140 171
369 536
211 359
127 431
183 344
332 662
86 602
307 500
507 599
294 356
14 398
193 263
224 749
105 661
1 181
149 413
226 413
156 473
368 563
59 629
221 623
102 336
16 477
268 717
152 196
110 144
106 547
12 451
84 395
113 336
542 730
332 380
237 316
364 476
152 353
330 610
258 399
470 592
217 485
85 519
88 364
179 226
185 610
87 635
95 454
90 705
161 294
151 692
101 161
30 384
314 669
142 484
211 327
112 707
135 463
79 152
176 472
116 538
148 188
449 565
92 613
92 461
123 559
214 628
272 622

82 227
38 239
171 321
115 262
261 329
4 188
164 221
105 326
78 85
62 251
1 265
64 238
26 77
277 325
110 234
189 204
178 324
69 229
91 255
75 135
150 209
31 250
142 292
114 242
131 272
157 233
58 218
60 311
94 159
182 220
36 305
92 298
170 185
287 308
204 315
13 281
150 215
172 213
141 292
42 45
1 54
206 336
132 309
214 247
27 153
156 336
208 253
18 124
9 136
133 136
133 172
244 265
116 300
139 151
100 232
219 236
20 331
248 293
104 119
241 246
89 191
7 275
53 65
235 244
24 315
167 245
8 84
88 324
31 273
66 82
35 44
96 282
32 41
2 42
70 186
65 109
195 237
223 305
102 264
84 329
11 49
106 254
93 157
119 294
149 304
117 278
56 216
81 319
128 274
190 257
300 322
14 274
138 229
144 228
15 68
16 193
289 322
92 177
278 306
144 326
126 312
145 305
98 134
98 337
25 83
201 221
59 181
21 40
67 328
72 226
108 327
96 266
129 327
95 266

No new highways need

243 246
428 468
147 243
68 261
66 294
243 277
87 379
18 29
41 372
164 309
97 422
20 129
61 417
15 330
26 338
73 280
202 318
90 173
46 75
2 58
101 335
67 115
113 187
125 377
51 311
9 350
138 200
94 255
19 20
84 89
74 228
58 361
40 93
103 197
178 301
88 111
65 413
87 442
120 282
60 157
117 333
143 219
90 133
93 208
200 448
35 146
69 183
29 170
131 157
61 64
123 312
57 242
106 466
78 144
109 179
132 142
62 118
110 325
105 182
31 45
258 455
26 184
72 373
63 264
69 134
6 79
55 467
37 94
92 416
10 387
30 75
49 225
99 414
25 375
28 356
102 245
14 299
86 438
126 266
14 153
38 359
92 127
1 203
23 151
16 369
187 255
204 234
82 369
37 193
43 75
3 130
124 437
185 369
71 81
100 339
295 431
36 332
8 100
50 402

231 241
197 203
76 199
119 210
110 163
131 182
48 94

23 171
54 104
108 261
9 56
8 176
77 89
38 105
32 80
78 193
67 160
253 340
53 141
127 357
68 212
182 309
5 92
94 208

43 197
15 153
165 179
57 151
15 82
10 162
29 83
31 33
48 90
70 186
19 132
215 228
121 131
13 53
17 140
163 236
47 116
204 243
193 201
167 241
19 177
120 232
17 168
35 129
143 230
102 139
19 115
1 48
15 194
5 116
78 107
148 243
9 83
3 199
1 118
24 50
38 201
122 237
79 186
66 133
16 213
62 95
214 247
140 217
65 176
62 183
75 161
197 203
145 232
148 209
28 246
30 151
154 231
101 141
35 45
26 119
53 199
73 242
213 239
84 88
85 143
135 179
38 134
113 198
128 241
70 218
157 241
81 202
11 81
80 223
110 191
43 150
47 115
21 135
41 109
65 84
97 225
2 111
7 222
33 173
118 212
133 156
136 244
42 91
20 41
12 178
113 182
16 139
109 188
58 84
37 77
68 235
32 123
70 168
49 111
114 180
165 216
4 227
77 138
4 159
63 161
141 178
76 177
44 226
59 221
57 136
104 148
61 71
64 158
93 212
96 190
76 215
173 178
52 236
146 218
54 226
49 139
30 172
204 230
116 166
106 228
124 201
75 138
73 167
152 200
55 56
66 174
74 221
182 246
137 196
99 224
144 249
125 242
25 50
45 61
24 99
236 239
112 130
194 224
63 67
97 98
81 189
23 71
86 222
18 238
6 51
5 200
22 211
105 180
155 250
142 208
149 248
89 233
147 211
69 85
132 158
42 184
171 234
36 189
25 127
198 226
39 190
156 214
195 227
12 21
59 93
176 224
117 139
27 100
127 129
122 248
71 94
64 234
23 126
78 89
87 174
34 151
138 169
54 72
66 166
2 131
39 107
13 225
164 195
160 232
153 193
92 145
203 220
32 206
152 175
207 227
60 189
20 184
108 110
69 130
110 126
18 212
45 181
46 91
119 187
8 112
102 205
105 188
172 206
27 192
100 149
34 94
42 240
105 187
123 208
55 208
39 185
210 235
10 40
86 245
22 100
146 233
40 229
219 238
80 155
170 214
14 183
185 229
14 137

98 102
23 130
98 107
13 56
45 104
3 39
109 119

10 93
56 98
29 40
31 60
12 76
46 103
93 124
24 90
45 126
28 99

163 206
69 272
187 385
92 408
37 98
112 288
14 566
144 351
135 445
128 371
17 224
152 370
235 258
47 582
100 589
29 493
233 622
41 154
199 298
166 306
17 54
172 433
77 118
85 276
214 271
411 592
125 330
171 240
81 127
265 387
132 368
358 572
213 493
21 535
76 233
133 472
82 186
86 379
50 603
243 380
269 443
62 108
18 415
39 444
42 330
218 379
35 231
34 190
131 519
43 207
136 189
49 308
30 63
4 230
186 261
286 288
99 381
175 176
93 569
177 460
96 580
35 229
44 382
195 547
33 551
38 107
236 237
58 542
33 283
56 61
117 461
16 59
182 460
26 458
150 597
167 216
2 157
212 328
20 528
103 293
78 452
234 383
8 514
98 287
63 607
55 372
187 219
44 189
180 619
158 397
130 488
129 343
145 429
302 308
51 81
73 449
110 424
19 228
68 554
94 551
111 393
183 510
160 342
285 602
67 504
74 134
159 517
139 263
46 191
9 192
10 483
166 630
134 585
140 589
7 366
82 169
121 628
297 527
90 592
113 580
97 166
208 384
59 363
143 254
57 65
241 557
89 365
46 120
220 629
75 485
222 446
138 477
151 247
12 208
6 123
13 622
295 590
173 212
116 627
143 246
202 463
95 629
221 335
40 98
87 512
34 79
210 581
191 304
36 403
314 389
45 196
178 365
28 421
105 621
52 579
71 352
249 469
245 426
56 576
106 412
80 575
142 201
181 390
83 154
200 405
326 503
91 404
48 456
24 88
223 492
118 288
53 312
70 467
122 505
15 32
168 275
84 534
272 277
205 364
25 299
149 353
170 260
5 25
135 156
25 148
3 262
142 564
109 593
15 488
11 445
9 199
23 228
101 605

5 8
3 4
6 7
5 6
4 8
6 9
1 9
2 6

10 66
17 30
28 32
6 48
31 69
4 63
32 36
16 65
6 49
16 25
1 37
57 72
52 56
61 74
23 27
71 78
8 26
35 62
41 78
45 58
19 56
21 44
34 61
3 73
11 39
2 47
16 36
31 48
27 58
9 55
3 29
62 64
18 50
4 69
33 75
2 34
41 76
14 59
5 7
54 55
8 15
22 29
12 43
8 22
14 75
20 59
39 72
18 67
42 71
68 77
2 70
27 44
14 15
49 79
12 72
5 51
38 44
37 60
13 24
3 41
25 40
53 66
1 46

161 191
75 77
97 158
30 202
18 149
67 186
105 129

32 67
423 452
149 494
453 569
23 173
86 156
96 401
203 398
84 263
95 321
177 387
339 445
299 507
273 522
141 380
11 285
28 107
188 384
356 396
28 486
19 529
92 572
396 550
80 212
160 187
82 485
7 426
154 363
286 318
183 383
147 552
215 344
317 536
94 112
100 472
498 579
50 571
328 333
494 554
39 465
338 514
19 375
207 397
77 88
113 512
72 310
358 491
459 529
426 549
276 579
265 421
504 505
258 433
213 416
242 451
467 537
41 118
79 472
137 180
27 161
285 308
193 279
73 369
400 551
197 553
199 503
71 323
302 509
313 506
455 553
98 134
84 91
367 385
59 334
31 184
62 215
71 419
264 473
368 479
354 429
291 348
249 320
20 91
10 560
278 477
290 488
33 540
275 396
105 571
324 547
271 485
356 558
392 526
115 119
122 209
189 499
184 243
116 576
309 457
293 447
103 276
60 159
328 397
260 476
90 229
148 227
47 409
292 548
295 571
105 159
82 306
209 464
145 161
57 167
61 424
481 563
157 442
57 123
245 470
276 394
30 522
137 440
17 164
74 389
66 421
497 520
316 541
208 267
130 257
301 377
44 338
22 108
97 277
161 328
418 505
163 545
259 486
111 398
78 241
307 466
52 535
418 454
259 289
233 377
359 434
101 478
209 545
532 554
43 45
233 260
5 139
117 329
349 402
224 320
255 556
250 570
220 226
431 565
33 251
134 250
126 401
92 399
320 440
162 194
99 341
132 170
123 174
344 478
123 179
138 373
253 546
389 487
224 436
84 383
186 468
182 502
477 503
45 283
284 429
88 127
46 146
324 398
80 139
126 502
61 474
393 523
412 526
203 348
94 455
26 382
363 562
125 400
49 94
147 381
93 135
114 350
378 483
132 187
4 437
389 432
246 341
224 496
69 112
118 314
142 439
415 510
85 116
8 254
181 577
349 539
148 540
293 411
495 543
46 161
354 567
370 475
136 548
441 443
69 511
68 350
330 405
124 291
428 566
124 188
176 225
519 537
448 582
54 144
198 376
157 443
58 201
46 542
335 481
230 458
144 403
433 491
331 567
302 332
166 271
204 229
253 359
95 267
234 272
268 565
63 101
221 574
50 219
220 361
48 499
501 582
75 294
3 129
154 365
17 138
327 490
89 109
44 241
75 580
128 441
178 277
133 355
81 158
87 280
296 490
216 446
15 248
58 412
8 266
53 322
25 175
26 232
208 259
301 551
498 538
171 467
247 561
397 422
269 281
37 407
158 404
267 304
101 314
222 364
227 305
448 484
9 152
234 291
449 561
405 564
140 309
36 301
246 313
517 583
160 280
55 409
68 559
73 475
349 581
166 413
298 362
88 213
438 549
172 454
179 189
315 334
202 386
13 93
217 346
34 512
193 337
117 532
121 312
109 287
9 566
488 513
241 355
211 380
22 425
67 357
386 408
195 496
186 552
29 279
360 367
507 541
130 525
508 580
442 482
18 360
115 411
195 336
196 506
16 206
2 119
3 185
150 315
235 547
218 371
108 231
151 228
417 556
240 416
102 447
135 240
520 534
219 283
90 120
21 483
104 110
252 347
25 428
244 581
214 280
110 319
303 481
1 479
72 480
222 340
70 365
366 368
297 357
106 236
158 379
47 581
18 152
51 217
285 297
347 577
366 376
24 65
56 450
4 535
38 127
12 372
195 282
24 580
155 509
225 343
192 229
83 427
312 403
235 261
40 200
143 474
14 489
32 169
133 262
192 261
190 329
211 514
236 435
302 469
6 250
48 374
248 555
35 168
191 237
281 530
257 351
53 562
177 373
228 574
153 415
337 388
76 393
270 284
64 461
416 460
287 479
143 210
131 523
256 326
16 131
42 459
391 532
14 346

132 173
52 471
62 128
105 517
46 109
57 223
26 91
42 71
54 123
2 353
31 79
110 283
22 492
76 441
56 466
68 158
62 193
43 388
14 183
65 389
188 260
2 95
53 480
117 135
125 382
182 501
11 298
72 320
88 391
84 113
163 394
13 523
8 215
103 186
89 205
78 331
205 401
59 168
6 104
34 255
35 281
41 366
136 288
44 49
109 521
98 238
30 408
24 338
122 361
10 82
99 325
29 199
223 273
74 248
190 333
32 178
39 66
86 111
131 418
145 453
61 371
7 528
63 168
8 70
70 290
5 460
66 429
33 326
120 329
38 228
25 410
56 180
25 58
124 134
24 93
50 82
29 235
1 223
87 247
150 255
92 515
19 233
55 472
69 465
80 174

49 77

5 17
42 93
21 76
49 95
12 102
28 88
6 37
7 43
28 62
29 43
74 106
3 87
35 86
87 100
48 65
22 97
20 67
83 90
33 45
47 65
40 94
39 96
19 40
71 106
49 77
84 85
35 65
19 92
19 67
8 24
17 103
71 81
10 46
36 44
36 59
12 72
15 70
1 99
45 98
24 66
53 100
100 104
32 52
27 71
28 54
34 61
41 52

51 143
110 125
39 88
4 78
80 96
113 114
8 80
34 69
49 133
54 151
35 129
36 126
33 79
17 23
89 141
54 134
38 148
20 43
27 81
71 132
2 142
84 120
104 151
32 52
51 74
1 14
12 64
14 32
4 29
66 78
6 33
21 48
108 147
30 106
3 12
25 82
62 97
17 61
18 144
2 80
46 111
84 116
115 118
103 138
108 144
43 109
39 91
47 92
16 107
59 66
44 98
3 86
76 112
119 150
64 131
2 87
50 121
90 136
117 136
27 31
101 145
38 87
19 55
59 64
120 146
33 112
24 60
109 112
14 90
136 149
89 145
42 75
37 120
26 105
55 106
53 141
62 94
102 116
73 115
94 145
96 129
5 13
46 139
68 100
20 40
103 137
68 83
11 13
5 131
21 67
58 103
117 125
25 52
47 119
7 123
28 44
31 123
29 140
22 85
55 82
95 97
48 68
7 16
51 114
29 56
69 84
22 146
9 45
70 103
10 124
77 122
41 111
22 65
72 132
41 99
61 124
101 127
73 135
71 111
57 128
115 121
26 57

93 118
121 259
133 243
73 182
51 166
252 256
24 192
36 97
17 124
126 173
191 223
24 40
104 196
92 258
44 179
83 110
190 242
64 201
180 253
90 238
9 113
129 139
136 144
110 246
85 187
26 54
147 195
143 160
43 138
85 154
52 246
175 252
71 216
120 209
67 107
87 88
39 67
123 180
10 194
75 225
21 155
213 217
26 127
126 150
140 150
38 128
116 178
135 176
45 234
81 91
31 98
63 79
22 89
109 163
12 225
226 259
132 177
16 87
156 194
140 207
88 192
18 79
97 247
116 186
157 172
98 112
107 212
80 82
214 250
12 70
121 258
58 59
56 224
76 145
57 158
23 197
70 229
142 156
208 229
134 239
163 232
99 101
103 160
138 241
25 84
11 117
57 249
85 174
42 97
114 235
189 248
176 210
1 201
171 228
43 200
70 198
53 93
184 244
62 189
122 165
129 154
15 230
115 215
120 236
80 254
181 193
45 49
127 211
68 165
66 84
183 205
23 245

176 422
108 354
324 502
185 478
134 477
27 310
156 356
58 666
25 574
295 464
293 635
210 682
62 623
113 191
6 713
14 491
78 576
53 334
111 700
55 103
219 456
159 412
8 166
158 306
300 364
52 63
95 172
234 602
172 371
319 340
20 444
176 326
63 137
12 406
140 512
147 535
77 505
40 575
46 325
279 401
223 348
218 686
61 611
71 227
167 634
272 694
163 559
174 443
266 657
199 570
42 211
19 278
184 244
210 227
84 321
68 618
64 537
177 615
222 415
87 162
49 407
7 217
6 157
23 473
103 430
115 409
105 706
7 703
2 111
242 248
207 410
183 670
339 530
118 452
125 566
60 496
363 453
44 274
284 377
143 596
386 522
132 467
173 275
168 178
323 686
98 260
109 425
36 78
29 54
99 571
198 227
96 203
106 262
39 115
262 592
171 405
65 479
110 501
40 57
146 554
232 391
5 281
35 172
189 676
299 562
175 354
44 160
132 579
11 551
182 385
209 423
26 494
195 388
37 465
242 440
230 720
166 299
51 648
149 405
121 623
131 493
1 237
66 361
135 302
225 599
185 211
235 256
32 101
161 550
102 436
190 704
141 625
85 236
169 373
119 269
342 362
133 429
191 550
150 483
97 116
318 346
260 627
125 374
47 50
117 344
88 269
122 188
18 130
188 644
99 101
204 213
124 419
213 431
202 449
82 423
68 74
21 633
203 271
215 557
126 499
86 251
128 640
98 238
37 277
22 337
228 561
224 438
48 325
5 208
170 285
285 637
30 49
92 456
15 283
153 295
136 454
90 525
81 454
9 327
105 311
265 564
86 544
225 297
75 163
50 217
305 671
33 155
168 496
107 331
287 632
304 683
2 54
83 417
124 208
24 214
254 518
36 116
70 416
200 278
59 719
186 718
39 45
31 674
232 333
17 722
38 349
301 690
249 281
250 316
67 398
79 628
338 373
69 259
73 310
142 630
158 332
114 329
104 581
119 347
72 179
315 378
76 607
194 216
4 637
16 197
123 356
16 154
196 303
194 429
165 187
267 476
13 305
3 378
59 214
13 197
127 334
192 263
91 675
69 527
10 186
343 524
120 328
89 585
28 619
319 364
43 498
270 393
181 489
56 383
102 151
220 289
38 229
41 127
72 570
100 259
258 393
138 570
246 303
148 603
144 290
164 475
9 34

202 229
78 170
22 276
108 331
192 224
216 262
84 130
194 343
17 235
119 181
48 393
120 255
133 388
1 160
79 401
63 120
58 319
207 336
168 246
45 398
131 240
38 53
154 201
155 358
91 318
95 193
105 340
110 352
50 222
60 248
24 77
263 368
75 405
74 392
9 173
90 172
21 400
104 156
80 112
69 340
76 303
98 235
88 349
152 343
13 205
123 141
140 320
2 68
51 400
65 237
13 67
212 222
67 71
138 313
7 233
85 173

232 338
430 574
76 308
255 457
334 542
44 597
352 374
1 476
12 56
9 555
6 110
94 493
239 258
309 591
23 451
61 294
155 285
307 368
501 570
123 576
293 454
86 178
219 342
195 476
215 397
286 406
256 372
228 514
49 553
266 404
484 596
310 395
225 526
55 163
30 538
148 163
238 325
141 158
259 589
296 318
275 398
98 128
413 467
29 355
422 453
159 242
417 530
276 322
389 506
99 270
45 149
249 381
64 587
1 328
270 347
2 328
16 505
64 130
24 586
281 598
160 377
519 528
21 393
33 182
568 583
246 304
156 245
119 347
26 424
313 494
16 367
417 562
172 287
69 266
17 95
82 484
332 579
52 230
361 482
125 128
349 513
113 407
329 384
35 413
344 566
147 267
31 516
16 398
17 513
353 399
121 233
183 532
349 547
108 569
265 321
542 585
38 71
87 575
517 534
463 479
44 270
297 330
116 410
204 253
3 251
412 554
464 555
274 447
14 488
19 505
77 588
233 397
131 426
2 265
201 341
243 431
346 482
50 545
291 544
126 559
124 429
195 217
32 501
85 212
9 552
104 412
102 293
148 213
259 370
40 151
10 100
393 460
290 508
81 396
90 402
139 183
232 330
379 439
288 335
10 51
280 559
46 391
290 301
400 484
281 317
60 104
79 417
408 434
261 401
240 304
138 346
75 592
3 243
89 343
312 582
288 585
12 369
20 475
4 497
66 445
138 433
185 410
147 316
92 556
106 575
45 106
364 548
26 89
51 245
117 264
62 247
345 382
154 324
25 428
189 254
385 409
57 244
161 565
80 198
114 400
47 569
315 440
12 543
260 310
26 285
75 205
377 442
468 483
389 548
421 572
112 184
245 537
71 236
197 445
262 527
86 291
39 497
103 295
211 423
260 554
162 599
132 546
72 300
47 502
67 211
88 149
323 332
88 243
273 294
440 556
161 557
2 506
285 392
536 563
189 599
386 565
133 598
208 265
165 268
10 28
177 336
420 477
50 159
141 380
382 523
118 144
189 298
138 503
234 343
167 200
61 508
253 473
279 538
108 523
222 561
94 472
517 594
87 461
452 582
180 566
148 222
206 493
121 466
70 574
206 435
109 444
268 362
221 487
77 369
300 599
82 244
354 397
41 209
180 237
52 396
27 312
19 290
154 584
282 563
139 344
197 220
92 430
223 456
155 261
247 259
58 333
142 581
150 164
267 412
96 297
72 587
459 599
353 418
216 414
134 388
538 588
171 327
109 128
55 539
284 486
41 590
325 520
157 526
303 550
164 318
352 401
32 174
8 558
164 459
99 370
58 168
221 414
219 373
105 308
84 394
33 144
72 183
340 455
509 591
154 156
46 76
194 445
150 285
388 519
223 419
54 419
64 486
31 500
315 491
107 275
137 418
229 385
36 274
118 292
264 366
5 181
171 218
170 248
233 420
209 562
303 514
73 131
136 217
204 235
224 415
262 510
21 196
52 174
129 348
37 314
250 483
74 499
372 400
28 388
111 403
112 173
83 363
212 449
27 283
135 416
38 212
176 479
238 567
468 549
167 474
276 526
115 516
395 578
80 547
342 575
145 551
399 586
5 65
123 492
203 362
111 454
71 269
292 480
134 263
27 378
128 319
357 514
324 444
20 481
33 317
391 496
14 95
365 387
132 492
474 595
49 301
15 515
363 463
241 278
447 462
227 586
166 380
257 305
153 403
289 573
179 495
93 402
432 570
102 405
280 425
186 278
368 568
179 277
271 581
127 365
84 577
364 544
153 320
409 590
339 376
326 434
381 427
250 525
207 376
143 421
74 117
84 441
214 292
152 216
32 116
439 458
212 329
403 455
159 181
133 206
313 533
450 478
272 425
25 207
118 331
360 415
8 78
363 416
122 272
53 478
63 272
504 544
132 226
58 327
6 339
120 142
68 348
289 350
62 201
15 568
286 384
42 188
169 446
446 512
407 443
48 185
39 558
311 423
231 358
48 428
258 373
191 252
210 456
114 579
39 515
383 485
199 469
131 173
43 490
203 263
495 524
199 305
529 539
124 573
408 489
78 190
146 521
176 511
7 34
203 541
11 350
175 498
97 185
278 320
188 250
34 42
93 337
91 437
22 158
63 192
436 490
210 437
140 540
36 518
18 471
193 593
59 140
193 490
13 68
160 518
443 475
113 306
299 439
34 390
199 470

101 366
2 467
27 168
141 286
63 261
150 340
57 269
195 414
13 152
45 179
65 343
71 174
12 386
50 426
85 515
30 357
23 214
84 584
72 125
130 264
13 181
193 302
155 428
42 194
10 296
34 319
44 511
13 558
154 487
113 416
112 131
59 168
66 68
11 174
25 522
28 494
109 259
67 473
37 135
57 124
105 446
35 105
88 217
69 300
90 292
16 477
51 559
94 471
29 125
212 299
75 523
138 397
76 414
151 563
67 147
36 427
12 80
21 110
136 316
61 144
206 580
146 149
53 137
137 180
60 427
20 444
166 276
7 102
144 192
91 489
283 571
39 449
133 561
99 503
54 140
8 447
70 135
47 208
176 472
49 379
92 294
79 106
5 257
43 205
95 200
292 422
38 497
117 273
104 587
98 170
77 418
3 338
100 220
58 133
73 538
81 298
64 132
89 415
62 213
120 385
55 361
52 413
97 116
17 55
87 303

19 67
6 14
35 108
23 122
33 117
80 126
13 16
1 34
52 118
31 111
27 42
17 72
45 70
81 106
36 115
48 99
1 57
72 91
23 47
16 116
24 41
4 69
53 92
21 100
50 128
6 93
29 105
34 38
95 127
19 46
12 24
87 96
104 128
10 113
65 70
86 121
16 40
39 64
95 108
58 73
49 106
20 82
3 31
8 108
31 79
5 121
52 116
9 121
85 104
109 117
40 48
32 46
7 30
100 124
22 55
49 79
73 80
26 97
49 54
58 62
44 69
42 90
45 122
39 77
28 56
30 113
2 29
2 90
21 119
3 83
109 112
14 89
59 96
69 75
101 105
26 43
83 123
8 38
15 60
63 92
11 115
17 75
35 107
22 67
61 117
25 114
20 63
28 43
12 32
30 125
36 98
84 93
78 88
28 71
98 111
76 110
28 102
64 94
76 103
15 76
18 51

No new highways need

173 214
152 192
9 103
90 165
87 105
90 134
19 166
39 147
71 169
47 131
109 162
91 112
120 173
35 176
38 63
41 157
18 146
136 161
32 83
95 100
6 10
206 208
142 171
95 148

106 698
258 424
96 452
23 563
111 488
112 581
34 496
17 33
169 603
93 236
222 685
136 407
307 683
231 730
17 642
173 319
27 679
269 560
1 39
8 571
46 305
83 507
116 145
63 473
193 350
294 327
108 638
42 180
114 299
38 186
135 375
87 478
50 375
172 548
210 498
148 689
132 341
153 342
252 338
61 287
107 164
123 504
36 93
9 567
138 386
16 230
32 553
44 114
94 327
88 616
40 291
92 111
36 58
191 459
51 197
30 652
313 443
40 159
256 512
57 244
179 417
161 215
171 711
28 703
152 405
151 691
44 534
224 232
38 56
52 317
163 514
91 433
55 628
126 648
65 562
220 719
49 125
166 232
115 421
303 606
100 476
176 540
2 254
255 301
97 497
4 384
177 672
140 550
131 499
13 209
195 565
29 229
49 174
60 671
142 702
113 471
146 175
289 349
89 457
166 244
6 388
188 316
122 243
77 499
68 706
102 250
293 477
90 687
27 101
102 472
39 216
347 349
133 343
124 614
212 266
139 704
193 212
45 198
215 466
78 526
160 459
195 245
134 482
181 268
29 298
187 273
7 153
11 252
98 119
30 261
156 252
41 512
144 588
25 296
99 199
129 461
47 638
154 628
208 649
143 187
149 262
69 275
73 560
196 262
204 665
76 514
48 478
18 340
244 339
103 283
22 66
95 304
141 547
43 385
60 67
168 623
110 674
96 271
75 524
238 678
3 403
26 597
153 157
181 308
99 141
117 534
98 376
146 370
235 510
20 295
182 206
15 282
86 596
22 675
64 480
330 483
45 602
109 504
260 518
43 221
82 151
178 723
158 333
79 214
72 423
211 695
240 370
61 82
120 121
233 595
19 298
42 270
35 491
249 716
21 306
71 649
150 609
170 674
357 559
105 378
62 668
239 412
74 120
127 470
14 631
24 651
19 69
74 147
5 378
234 541
194 538
137 365
10 477
21 85
12 292
31 76
80 190
31 312
54 334
202 464
53 699
121 284
84 256
125 707
277 608
